0  0  3.5285
0  1  1.22674
0  2  40.9562
0  3  60.4588
0  4  105.204
0  5  113.477
0  6  72.7071
0  7  30.6111
0  8  18.4286
0  9  15.5289
0  10  11.2494
0  11  1.28165
0  12  1.63163
0  13  1.5706
0  14  1.70065
0  15  1.79791
0  16  2.06692
0  17  1.05146
0  18  1.02024
0  19  1.11893
0  20  0.93657
0  21  0.974494
0  22  17.7922
1  0  18.9553
1  1  54.1927
1  2  52.6511
1  3  90.061
1  4  202.938
1  5  113.26
1  6  63.8565
1  7  24.7989
1  8  43.1117
1  9  2.52304
1  10  1.73892
1  11  1.44386
1  12  1.42674
1  13  1.9237
1  14  28.9162
1  15  41.6248
1  16  52.7328
1  17  56.2207
1  18  43.2028
1  19  20.129
1  20  54.7836
1  21  50.2969
1  22  50.3579
1  23  1.94847
1  24  1.23301
1  25  1.45766
1  26  1.52001
1  27  1.48019
1  28  1.85578
1  29  2.32548
1  30  2.55788
1  31  3.84296
1  32  11.8275
1  33  15.4911
1  34  25.0114
1  35  7.6125
1  36  7.83042
1  37  20.8646
1  38  18.5906
1  39  6.07046
1  40  2.04913
1  41  1.91265
1  42  1.52463
1  43  1.95748
1  44  2.27727
1  45  1.27962
1  46  1.27667
1  47  1.99055
1  48  0.904181
1  49  0.989899
2  0  9.29183
2  1  8.96636
2  2  7.42026
2  3  7.2119
2  4  5.37435
2  5  10.5391
2  6  4.31862
2  7  4.37275
2  8  1.90974
2  9  1.7
