0  0  6.82471
0  1  7.88215
0  2  7.63216
0  3  8.30431
0  4  6.56904
0  5  10.6159
0  6  9.84105
0  7  10.7879
0  8  17.8291
0  9  20.9435
0  10  25.4544
0  11  25.1733
0  12  10.6657
0  13  23.0565
0  14  14.5799
0  15  22.3317
0  16  22.846
0  17  29.3203
0  18  34.2131
0  19  11.5558
0  20  49.1489
0  21  33.7887
0  22  32.293
0  23  20.1571
0  24  29.8925
0  25  28.3532
0  26  25.5254
0  27  29.2637
0  28  15.7536
0  29  18.3458
0  30  18.6785
0  31  12.3331
0  32  11.0316
0  33  9.96496
0  34  33.2873
0  35  32.31
0  36  23.3249
0  37  19.9891
0  38  29.5819
0  39  27.847
0  40  36.6094
0  41  33.5521
0  42  35.8991
0  43  28.8053
0  44  21.6749
0  45  8.79339
0  46  8.77395
0  47  4.95329
0  48  15.495
0  49  41.521
0  50  132.041
0  51  84.0047
1  0  10.9299
1  1  2.8871
1  2  1.44854
1  3  3.79365
1  4  3.93369
1  5  4.9255
1  6  4.3625
1  7  6.06132
1  8  4.58986
1  9  4.53634
1  10  4.54562
1  11  221.152
1  12  97.9192
1  13  166.589
1  14  119.728
1  15  78.0745
1  16  56.1504
1  17  53.1909
1  18  47.5689
1  19  104.617
1  20  27.9851
1  21  14.9898
1  22  80.1107
1  23  72.7229
1  24  47.8996
1  25  7.70631
1  26  8.39958
1  27  11.8211
1  28  20.2656
1  29  205.193
1  30  13.92
1  31  9.20994
1  32  4.09751
1  33  3.13193
1  34  3.54538
1  35  39.5324
1  36  21.8292
1  37  195.39
1  38  210.228
1  39  106.121
1  40  54.3018
1  41  56.8893
1  42  71.9993
1  43  53.5384
1  44  44.4722
1  45  22.419
1  46  41.8606
1  47  127.502
1  48  15.7972
1  49  187.405
1  50  122.414
1  51  57.5478
1  52  78.2202
1  53  76.9159
1  54  98.3045
1  55  31.4479
1  56  66.3464
1  57  32.4284
1  58  45.3943
1  59  24.4136
1  60  5.9183
1  61  8.56956
2  0  1.11574
2  1  1.69552
2  2  3.85055
2  3  4.8981
2  4  5.10542
2  5  14.1071
2  6  12.7134
2  7  17.9385
2  8  18.6357
2  9  17.3431
2  10  11.8912
2  11  8.60176
2  12  3.66634
2  13  6.17893
2  14  4.56059
2  15  4.34104
2  16  4.62822
2  17  6.47005
2  18  6.27418
2  19  12.3763
2  20  79.8352
2  21  93.4854
2  22  63.0684
2  23  85.6142
2  24  612.768
2  25  43.1018
2  26  228.2
2  27  242.986
2  28  16.5206
2  29  49.1367
2  30  16.215
2  31  7.10792
2  32  8.03512
2  33  3.01869
2  34  2.26382
2  35  2.42297
2  36  2.30954
2  37  2.85106
2  38  3.05976
