0  0  2.16991
0  1  1.01683
0  2  0.573479
0  3  2.26938
0  4  3.37888
0  5  1.98909
0  6  1.65195
0  7  3.56205
0  8  3.30513
0  9  2.13203
0  10  4.33286
0  11  5.95636
0  12  9.03027
0  13  8.12269
0  14  11.7519
0  15  15.9701
0  16  20.2091
0  17  40.793
0  18  19.7657
0  19  22.488
0  20  10.5065
0  21  31.3954
0  22  25.0357
0  23  9.89231
0  24  85.5832
0  25  194.787
0  26  15.3236
0  27  11.2072
0  28  3.52371
0  29  3.64923
0  30  6.70086
0  31  4.56277
0  32  4.5611
0  33  3.77086
0  34  9.37779
0  35  7.38978
0  36  5.53637
0  37  3.06218
0  38  5.63573
0  39  3.7288
0  40  3.22946
0  41  3.24106
0  42  2.57301
0  43  2.32843
0  44  2.77941
0  45  1.9958
0  46  3.15538
0  47  1.66177
0  48  2.98685
0  49  1.61499
0  50  1.24501
0  51  1.84581
0  52  1.49033
0  53  1.80591
0  54  1.45617
0  55  1.80486
0  56  3.33416
0  57  2.12146
0  58  2.05625
0  59  3.04285
0  60  1.28224
0  61  2.06943
0  62  1.27339
0  63  2.19014
0  64  1.38943
0  65  1.49557
0  66  1.70059
0  67  1.97856
0  68  0.906684
0  69  4.35796
0  70  3.22709
0  71  1.40214
0  72  1.77225
0  73  2.36747
0  74  2.59857
0  75  4.14869
0  76  1.02172
0  77  1.53575
0  78  1.5377
0  79  1.72345
0  80  1.40359
0  81  1.26584
0  82  1.37861
1  0  1.16205
1  1  1.3347
1  2  0.980522
1  3  1.09549
1  4  1.08194
1  5  1.04803
1  6  2.45296
1  7  1.68251
1  8  1.75067
1  9  2.02817
1  10  1.12192
1  11  1.46823
1  12  1.46459
1  13  1.68476
1  14  1.31592
1  15  0.822156
1  16  1.44064
1  17  1.88313
1  18  1.92356
1  19  0.976606
1  20  1.65378
1  21  1.98541
1  22  1.63551
1  23  1.04165
1  24  0.970737
1  25  1.65549
1  26  1.17092
1  27  1.1273
1  28  8.78394
1  29  1.12708
1  30  0.948247
1  31  0.985262
1  32  0.976245
1  33  0.85002
1  34  2.43538
1  35  5.2996
1  36  3.90398
1  37  2.43898
1  38  2.58451
1  39  2.83383
1  40  2.90984
1  41  1.1271
1  42  1.91456
1  43  1.47528
1  44  1.28259
1  45  1.51591
1  46  3.14311
1  47  3.59645
1  48  0.905471
1  49  0.483204
1  50  0.322152
1  51  0.773091
1  52  1.27883
1  53  0.272654
1  54  0.566384
1  55  1.88937
1  56  0.428756
1  57  0.624816
1  58  0.575653
1  59  0.800059
1  60  0.818313
1  61  0.31247
1  62  0.931023
1  63  1.13677
1  64  0.962674
1  65  0.807636
2  0  0.997948
2  1  0.696367
2  2  0.337231
2  3  0.41239
2  4  0.896838
2  5  1.78723
2  6  2.85905
2  7  3.57454
2  8  1.68948
2  9  1.4357
2  10  1.7962
2  11  2.08489
2  12  1.99795
2  13  2.5741
2  14  3.17595
2  15  10.0803
2  16  11.1757
2  17  2.21441
2  18  1.78278
2  19  1.29744
2  20  0.974435
2  21  0.427851
2  22  0.353476
2  23  1.01363
2  24  0.567824
2  25  0.598706
2  26  1.51725
2  27  1.4019
2  28  1.20303
2  29  2.26835
2  30  3.25165
2  31  4.05455
2  32  3.46421
2  33  1.73814
2  34  1.17569
2  35  1.40496
2  36  3.00872
2  37  2.31423
2  38  2.24863
2  39  2.15935
2  40  2.05028
2  41  1.96525
2  42  1.64151
2  43  1.87027
2  44  1.44332
2  45  1.00626
