0  0  8.21813
0  1  5.63149
0  2  6.36135
0  3  6.96752
0  4  7.14453
0  5  4.6459
0  6  4.86616
0  7  4.19203
0  8  4.48411
0  9  2.38232
0  10  0.569735
0  11  0.818207
0  12  1.34246
0  13  1.16094
0  14  1.41227
0  15  0.493373
0  16  0.334099
0  17  0.371492
0  18  1.33729
0  19  5.64021
0  20  55.923
0  21  65.2165
0  22  54.6246
0  23  60.5998
0  24  41.0337
0  25  39.2228
0  26  33.98
0  27  33.688
0  28  87.0647
0  29  5.73865
0  30  10.5757
0  31  12.7848
0  32  25.4411
0  33  12.5125
0  34  12.4863
0  35  14.9568
0  36  86.8682
0  37  24.7985
0  38  25.7624
0  39  16.9895
0  40  15.8746
0  41  13.688
0  42  113.911
0  43  12.7753
0  44  5.11299
0  45  2.5238
0  46  6.39155
0  47  3.64168
0  48  11.5624
0  49  20.5494
0  50  18.1298
0  51  29.8224
1  0  16.1317
1  1  3.32589
1  2  2.06465
1  3  4.61355
1  4  16.5829
1  5  6.90785
1  6  17.4464
1  7  13.6046
1  8  13.967
1  9  11.5129
1  10  17.4627
1  11  212.282
1  12  322.401
1  13  258.361
1  14  132.183
1  15  126.798
1  16  53.017
1  17  28.0677
1  18  14.6435
1  19  136.984
1  20  132.825
1  21  5.60514
1  22  67.6939
1  23  87.0683
1  24  66.1444
1  25  12.5852
1  26  7.31665
1  27  6.42142
1  28  38.3031
1  29  38.6913
1  30  5.43147
1  31  3.13597
1  32  27.1192
1  33  114.353
1  34  48.3899
1  35  13.4311
1  36  39.5983
1  37  14.2158
1  38  16.4798
1  39  163.698
1  40  70.7351
1  41  100.365
1  42  162.988
1  43  57.2645
1  44  185.615
1  45  52.02
1  46  38.8627
1  47  33.7852
1  48  35.6803
1  49  77.9834
1  50  195.11
1  51  48.2416
1  52  101.225
1  53  102.273
1  54  87.79
1  55  18.8691
1  56  56.3425
1  57  55.9535
1  58  12.1284
1  59  111.631
1  60  17.6695
1  61  39.9573
2  0  0.850816
2  1  7.44092
2  2  3.43386
2  3  12.1748
2  4  4.00066
2  5  5.99114
2  6  9.17604
2  7  5.64294
2  8  5.84686
2  9  11.3873
2  10  2.12652
2  11  2.5927
2  12  4.41907
2  13  4.05253
2  14  3.97653
2  15  3.27204
2  16  5.84886
2  17  2.92881
2  18  3.47005
2  19  37.6167
2  20  107.764
2  21  114.65
2  22  73.0285
2  23  95.1353
2  24  243.31
2  25  156.191
2  26  14.3753
2  27  4.53301
2  28  6.96299
2  29  6.36515
2  30  9.98197
2  31  4.27981
2  32  3.09792
2  33  2.65553
2  34  3.12642
2  35  22.3488
2  36  17.8455
2  37  1.90915
2  38  14.388
