0  0  3.73204
0  1  2.50366
0  2  3.19025
0  3  3.05413
0  4  3.07804
0  5  3.30558
0  6  3.61895
0  7  1.9577
0  8  3.12051
0  9  1.96865
0  10  0.746166
0  11  1.22565
0  12  1.16642
0  13  1.23742
0  14  0.668361
0  15  0.252791
0  16  0.294094
0  17  0.447335
0  18  1.80079
0  19  4.67097
0  20  29.0284
0  21  47.8977
0  22  48.8455
0  23  56.3199
0  24  20.571
0  25  22.1522
0  26  18.6723
0  27  21.4184
0  28  41.516
0  29  4.01255
0  30  6.87542
0  31  8.87798
0  32  15.2331
0  33  7.38058
0  34  9.10339
0  35  8.32203
0  36  36.9335
0  37  15.8761
0  38  17.6006
0  39  13.5228
0  40  14.5058
0  41  13.4229
0  42  68.679
0  43  12.1915
0  44  4.98304
0  45  2.69296
0  46  5.42205
0  47  3.60534
0  48  11.9762
0  49  14.1798
0  50  14.0156
0  51  28.228
1  0  6.60865
1  1  2.50336
1  2  1.59894
1  3  4.73419
1  4  13.8492
1  5  5.81712
1  6  14.8815
1  7  13.15
1  8  13.0562
1  9  11.3984
1  10  13.4683
1  11  85.6133
1  12  163.382
1  13  133.126
1  14  85.8653
1  15  66.601
1  16  32.0721
1  17  19.2909
1  18  11.2252
1  19  61.5461
1  20  56.38
1  21  5.13868
1  22  56.4512
1  23  48.2858
1  24  30.3501
1  25  4.7162
1  26  2.93444
1  27  2.93449
1  28  28.6104
1  29  29.0033
1  30  2.64022
1  31  2.42664
1  32  18.852
1  33  59.6607
1  34  21.9761
1  35  15.6304
1  36  29.5478
1  37  12.3493
1  38  17.8375
1  39  95.1221
1  40  48.4549
1  41  51.355
1  42  76.5887
1  43  40.2013
1  44  89.8396
1  45  45.5132
1  46  34.6312
1  47  31.9019
1  48  33.6149
1  49  48.9527
1  50  101.537
1  51  30.9573
1  52  44.0822
1  53  43.0609
1  54  41.0095
1  55  17.8844
1  56  39.0347
1  57  56.8378
1  58  11.9042
1  59  50.907
1  60  14.5653
1  61  40.218
2  0  0.76504
2  1  2.58079
2  2  1.26767
2  3  3.11825
2  4  1.59357
2  5  2.80644
2  6  5.47409
2  7  3.08594
2  8  4.52727
2  9  3.59666
2  10  1.61476
2  11  2.57472
2  12  3.24455
2  13  2.83023
2  14  3.01241
2  15  3.18849
2  16  5.11199
2  17  2.74454
2  18  2.36474
2  19  22.0243
2  20  64.7234
2  21  68.6526
2  22  87.2578
2  23  55.9824
2  24  132.126
2  25  79.5817
2  26  5.90836
2  27  2.32122
2  28  6.94282
2  29  3.70108
2  30  5.39916
2  31  2.51001
2  32  2.25077
2  33  1.73398
2  34  1.42394
2  35  6.61925
2  36  2.06212
2  37  1.46914
2  38  4.48329
