   2.7177707e+01
   2.4874444e+01
   2.4492860e+01
   2.3549895e+01
   2.5364361e+01
   2.2118565e+01
   1.7594584e+01
   1.4221664e+01
   1.4479659e+01
   9.9745232e+00
   7.4482333e-01
  -5.7055804e+00
  -1.4165768e+01
  -1.2040884e+01
  -1.7360542e+01
  -1.8107669e+01
  -3.0967744e+01
  -3.2076472e+01
  -3.2974613e+01
  -3.5994553e+01
  -4.5249587e+01
  -4.8113826e+01
  -4.9180033e+01
  -5.1915015e+01
  -5.1941302e+01
  -5.8022048e+01
  -5.6680954e+01
  -5.9077709e+01
  -6.0939247e+01
  -6.2567207e+01
  -6.2639275e+01
  -6.4628306e+01
  -6.5866431e+01
  -7.0561643e+01
  -7.9083825e+01
  -8.4584393e+01
  -8.8735656e+01
  -9.3613943e+01
  -9.4012588e+01
  -9.9520985e+01
  -1.0213424e+02
  -1.0854025e+02
  -1.1566165e+02
  -1.2242166e+02
  -1.2373241e+02
  -1.3380113e+02
  -1.3950997e+02
  -1.4617746e+02
  -1.5039499e+02
  -1.5332270e+02
  -1.5710497e+02
   1.8869086e+02
   1.7539484e+02
   1.7122924e+02
   1.7125061e+02
   1.3761054e+02
   1.2873538e+02
   1.1993413e+02
   1.1624549e+02
   1.0211250e+02
   1.0048224e+02
   9.6061594e+01
   8.0806911e+01
   6.7831564e+01
   6.2632136e+01
   5.8160742e+01
   5.1298354e+01
   4.9461166e+01
   3.9555283e+01
   3.1845152e+01
   2.2269304e+01
   1.1130040e+01
   7.3725738e+00
   4.5909186e-01
   4.4341382e-01
  -4.1712057e+00
  -1.3784118e+01
  -2.0977785e+01
  -2.7077267e+01
  -3.3479732e+01
  -4.3448650e+01
  -5.4294709e+01
  -6.0751038e+01
  -6.8898635e+01
  -7.1708078e+01
  -6.4382299e+01
  -5.9662837e+01
