0  0  0.848578
0  1  1.23862
0  2  0.280792
0  3  1.48262
0  4  3.09192
0  5  1.47771
0  6  1.67247
0  7  10.1204
0  8  3.69611
0  9  4.94858
0  10  4.28546
0  11  17.7664
0  12  12.5473
0  13  10.0138
0  14  16.6489
0  15  12.187
0  16  15.917
0  17  26.4775
0  18  14.3021
0  19  17.498
0  20  15.1276
0  21  16.6059
0  22  20.3241
0  23  23.8433
0  24  15.126
0  25  20.2242
0  26  14.3066
0  27  7.58411
0  28  2.2804
0  29  2.76734
0  30  2.88598
0  31  2.23994
0  32  2.396
0  33  4.1326
0  34  9.16928
0  35  7.74862
0  36  16.7501
0  37  11.0356
0  38  9.67745
0  39  17.2708
0  40  6.70045
0  41  14.8422
0  42  2.19434
0  43  2.12303
0  44  2.36538
0  45  2.11907
0  46  2.34652
0  47  2.08062
0  48  1.32431
0  49  1.07158
0  50  0.992561
0  51  2.25963
0  52  2.08268
0  53  1.74311
0  54  0.849408
0  55  0.66444
0  56  0.664972
0  57  0.540776
0  58  0.783269
0  59  6.68604
0  60  0.876202
0  61  0.334982
0  62  0.694486
0  63  0.961916
0  64  0.289486
0  65  0.217615
0  66  1.71196
0  67  1.35878
0  68  1.33488
0  69  1.93484
0  70  1.78504
0  71  0.881521
0  72  0.187786
0  73  0.354576
0  74  0.267052
0  75  0.237136
0  76  0.961254
0  77  0.575065
0  78  0.505978
0  79  1.05642
0  80  1.96161
0  81  0.534156
0  82  0.265
1  0  0.535614
1  1  0.531987
1  2  0.75281
1  3  0.858066
1  4  0.786324
1  5  0.656638
1  6  0.479581
2  0  0.442962
2  1  0.356505
2  2  0.193854
2  3  0.227695
2  4  0.362288
2  5  1.37599
2  6  1.20799
2  7  1.67557
2  8  2.51021
2  9  1.50755
2  10  2.72526
2  11  3.00126
2  12  3.10489
2  13  5.82509
2  14  3.39642
2  15  4.43135
2  16  7.03673
2  17  1.25921
2  18  0.733525
2  19  0.959494
2  20  0.662142
2  21  0.74538
2  22  0.373724
2  23  0.576886
2  24  0.628284
2  25  0.578003
2  26  0.651935
2  27  1.29109
2  28  0.738867
2  29  1.46644
2  30  1.18729
2  31  1.4306
2  32  1.28984
2  33  25.4182
2  34  1.59977
2  35  1.57184
2  36  1.26182
2  37  1.25724
2  38  1.24438
2  39  0.877028
2  40  1.08269
2  41  0.596647
2  42  0.644087
2  43  0.669544
2  44  1.16393
2  45  0.259818
