0  0  1.51595
0  1  1.64792
0  2  1.316
0  3  1.50688
0  4  1.46052
0  5  1.46789
0  6  2.91741
0  7  2.2322
0  8  2.32387
0  9  2.59872
0  10  1.64252
0  11  1.98859
0  12  1.92955
0  13  2.06222
0  14  1.68899
0  15  1.25957
0  16  1.58474
0  17  2.01639
0  18  2.10541
0  19  1.06399
0  20  1.79829
0  21  2.05707
0  22  1.84188
0  23  1.27012
0  24  1.26558
0  25  1.86144
0  26  1.38486
0  27  1.43743
0  28  9.39071
0  29  1.33522
0  30  1.12515
0  31  1.26385
0  32  1.34395
0  33  1.07062
0  34  2.0123
0  35  4.75101
0  36  3.41838
0  37  2.08819
0  38  2.70142
0  39  2.97438
0  40  3.14151
0  41  1.2124
0  42  2.03856
0  43  1.918
0  44  1.73864
0  45  2.02111
0  46  4.2977
0  47  4.30764
0  48  1.19805
0  49  0.685096
0  50  0.549063
0  51  0.933426
0  52  1.60119
0  53  0.62255
0  54  0.854814
0  55  2.16527
0  56  0.696408
0  57  0.892552
0  58  0.908799
0  59  0.973616
0  60  0.96468
0  61  0.483708
0  62  1.19755
0  63  1.346
0  64  1.23333
0  65  0.99764
1  0  10.4865
1  1  12.4519
1  2  15.4913
1  3  12.3229
1  4  31.2861
1  5  23.3249
1  6  25.7731
1  7  15.8012
1  8  12.3917
1  9  17.1855
1  10  10.6903
2  0  2.57506
2  1  1.81743
2  2  1.31073
2  3  2.35397
2  4  2.10699
2  5  2.28273
2  6  1.27322
2  7  1.89063
2  8  1.5621
2  9  1.77629
2  10  2.04025
2  11  1.94116
2  12  1.73438
2  13  3.77677
2  14  6.10125
2  15  10.1327
2  16  14.5163
2  17  11.9475
2  18  6.78083
2  19  7.97027
2  20  7.41998
2  21  5.92716
2  22  5.62502
2  23  12.4357
2  24  11.4
2  25  13.1721
2  26  36.5959
2  27  3.16836
2  28  2.74583
2  29  2.85655
2  30  2.22778
2  31  1.78158
2  32  2.37761
2  33  1.78079
2  34  2.08956
2  35  2.01223
2  36  1.73439
2  37  2.27475
2  38  2.16994
2  39  1.92325
2  40  9.56348
2  41  10.3157
2  42  4.22346
2  43  5.23696
2  44  2.41408
2  45  1.94066
2  46  1.97915
2  47  1.81028
2  48  2.87267
2  49  4.89984
2  50  8.05297
2  51  10.2618
2  52  8.81506
2  53  11.458
2  54  12.2412
2  55  99.3127
2  56  93.7678
2  57  82.2094
2  58  1.40705
3  0  126.214
3  1  151.38
3  2  116.122
3  3  5.64586
3  4  4.5357
3  5  18.4601
3  6  19.5909
3  7  32.9078
3  8  29.5589
3  9  6.44301
3  10  9.13884
