    0.7839   60.4078    0.7839    0.6597   93.0816    4.1275   93.0816   63.5975
    0.2288   58.4609    0.2288    0.8931   87.7618    2.6619   87.7618   59.6379
    0.9728   58.4717    0.9728    0.8895   88.9600    2.6170   88.9600   59.6700
    0.9345   58.0552    0.9345    0.9445   88.0496    2.6713   88.0496   59.2309
    0.7515   58.2607    0.7515    0.3814   89.4664    2.2363   89.4664   59.6230
    0.8795   58.3282    0.8795    0.4397   90.3747    2.5450   90.3747   60.1606
    0.8428   59.2495    0.8428    0.8127   90.9309    2.8284   90.9309   60.8853
    0.4735   58.1786    0.4735    0.7621   87.4802    2.9665   87.4802   59.7377
    0.8658   59.8487    0.8658    0.9494   92.0376    3.1096   92.0376   61.8069
    0.9134   59.2468    0.9134    0.7671   91.3498    3.1103   91.3498   61.3172
    0.6549   58.7577    0.6549    0.6956   90.3475    2.8754   90.3475   60.6116
    0.0586   59.1874    0.0586    0.1856   91.4108    2.6076   91.4108   61.4849
    0.2965   59.1157    0.2965    0.7537   90.6380    3.4898   90.6380   61.7489
    0.8518   59.6934    0.8518    0.8348   91.9753    3.6831   91.9753   62.4053
    0.6642   59.2652    0.6642    0.6220   91.4548    3.6328   91.4548   62.1033
    0.8921   59.5442    0.8921    0.8140   91.7677    3.3526   91.7677   62.0230
    0.6906   60.0038    0.6906    0.4834   92.3902    2.9633   92.3902   62.5968
    0.1867   59.7763    0.1867    0.6435   91.5218    3.1557   91.5218   62.3185
    0.2145   58.7288    0.2145    0.2165   90.7904    2.8273   90.7904   61.2406
    0.4916   58.9082    0.4916    0.2997   91.2315    3.0579   91.2315   61.5312
    0.9204   59.6339    0.9204    0.1953   92.9195    3.1775   92.9195   62.5119
    0.0141   59.4274    0.0141    0.2426   91.6428    3.2369   91.6428   62.2600
    0.7501   59.4305    0.7501    0.2158   92.3246    3.1870   92.3246   62.3683
    0.1411   59.9663    0.1411    0.9398   91.3905    3.6813   91.3905   62.6980
    0.7000   59.2757    0.7000    0.2361   92.1023    3.2264   92.1023   62.0778
    0.1085   60.0138    0.1085    0.6058   91.2365    3.7208   91.2365   63.3341
    0.3009   60.7557    0.3009    0.1860   93.1477    2.7191   93.1477   63.5224
    0.2523   60.1460    0.2523    0.0044   92.5335    2.8380   92.5335   63.1856
    0.3820   61.8725    0.3820    0.2352   92.6179    3.5376   92.6179   65.7505
    0.4614   60.8630    0.4614    0.5365   92.0704    4.7566   92.0704   65.4477
    0.5005   61.2539    0.5005    0.5271   94.3630    5.4875   94.3630   66.1636
    0.7726   62.1422    0.7726    0.8278   94.9194    6.0072   94.9194   67.4858
    0.1015   60.8902    0.1015    0.1523   93.5913    5.7819   93.5913   66.6101
    0.6002   60.5053    0.6002    0.8577   92.8116    6.6746   92.8116   66.2360
    0.4340   60.0417    0.4340    0.1705   92.7902    4.8738   92.7902   64.7860
    0.4457   60.1190    0.4457    0.2610   92.8711    4.9393   92.8711   64.8033
    0.5787   59.2448    0.5787    0.2097   91.8861    4.2514   91.8861   62.9899
    0.2912   59.8296    0.2912    0.4894   92.1144    5.2081   92.1144   64.3000
    0.6371   58.7341    0.6371    0.4319   90.7196    5.4386   90.7196   63.4338
    0.7753   58.5372    0.7753    0.2452   90.8413    3.8244   90.8413   61.8080
    0.3463   61.2414    0.3463    0.4291   94.1710    4.1404   94.1710   65.0080
    0.4261   61.2087    0.4261    0.6412   94.0299    4.4057   94.0299   64.9609
    0.9271   60.7621    0.9271    0.4254   93.7166    4.2077   93.7166   64.6836
    0.0682   60.1459    0.0682    0.1487   92.6552    4.1016   92.6552   64.1376
    0.8377   61.0446    0.8377    0.1023   94.0941    3.6159   94.0941   64.8068
    0.5397   61.2178    0.5397    0.3901   92.6466    3.7333   92.6466   64.9739
    0.6418   60.8569    0.6418    0.2180   93.7769    3.5546   93.7769   64.3738
    0.0900   61.2449    0.0900    0.4383   93.1513    3.7376   93.1513   64.7984
    0.5799   61.2533    0.5799    0.2584   92.4173    3.4129   92.4173   64.9001
    0.9013   60.1160    0.9013    0.2502   93.3859    4.1089   93.3859   63.9767
    0.7030   61.5102    0.7030    0.9146   94.0823    4.3785   94.0823   65.0680
    0.5155   60.0606    0.5155    0.5943   92.5991    4.5139   92.5991   63.7809
    0.9331   60.4533    0.9331    0.0746   94.2401    3.7059   94.2401   64.0779
    0.9573   60.4194    0.9573    0.4236   93.5904    4.1538   93.5904   63.7299
    0.2322   59.9103    0.2322    0.1722   91.1574    4.2524   91.1574   63.2833
    0.5377   59.7850    0.5377    0.3950   92.4892    5.8646   92.4892   64.8743
    0.1946   61.3176    0.1946    0.0359   92.9518    5.4203   92.9518   67.0637
    0.2978   61.4553    0.2978    0.0812   93.8765    4.7794   93.8765   66.4275
    0.2670   61.6684    0.2670    0.8929   91.3365    5.0790   91.3365   66.3394
    0.8227   61.4852    0.8227    0.9359   93.9303    4.8579   93.9303   65.5302
    0.5531   61.6421    0.5531    0.2323   90.4347    3.8767   90.4347   66.0064
    0.2583   61.1076    0.2583    0.9350   92.4735    5.1065   92.4735   65.4628
    0.7484   61.1700    0.7484    0.2238   94.3848    4.4513   94.3848   65.5389
    0.9709   61.8835    0.9709    0.5807   93.3903    5.0367   93.3903   66.7659
    0.5637   61.3305    0.5637    0.6108   93.6188    4.8601   93.6188   65.7675
    0.4472   61.1240    0.4472    0.2602   91.6209    4.3384   91.6209   65.7070
    0.9804   61.2722    0.9804    0.2775   92.1560    3.8899   92.1560   65.4177
    0.6882   60.9929    0.6882    0.0520   92.6531    3.3871   92.6531   64.7601
    0.7427   61.0947    0.7427    0.7833   92.4279    4.3518   92.4279   64.9837
    0.1016   61.8117    0.1016    0.5387   91.8721    3.8270   91.8721   65.6147
    0.2837   60.8472    0.2837    0.7762   93.1181    4.2278   93.1181   64.2943
    0.3638   59.8093    0.3638    0.6071   92.1226    4.1244   92.1226   63.1191
    0.7445   60.7057    0.7445    0.9009   92.6092    4.0435   92.6092   64.0025
    0.3230   59.8320    0.3230    0.3882   92.1171    3.7033   92.1171   63.1693
    0.5136   59.8120    0.5136    0.2230   92.8545    3.2387   92.8545   62.6879
    0.9997   60.4335    0.9997    0.6206   91.5931    4.1498   91.5931   64.3195
    0.0398   59.9567    0.0398    0.2933   91.8538    4.5504   91.8538   64.3081
    0.6818   59.2934    0.6818    0.4523   91.8720    5.7068   91.8720   64.3746
    0.9483   60.6890    0.9483    0.1599   93.1457    5.9485   93.1457   66.7375
    0.6662   59.0709    0.6662    0.4062   91.5380    6.8289   91.5380   65.2895
    0.2516   60.0855    0.2516    0.9601   91.8533    6.8313   91.8533   65.7144
    0.4408   59.8396    0.4408    0.3265   92.5174    7.0658   92.5174   66.4703
    0.2458   59.8043    0.2458    0.1930   92.0545    7.0870   92.0545   66.7278
    0.2850   60.6826    0.2850    0.0075   92.5573    6.5003   92.5573   67.4449
    0.2717   60.8205    0.2717    0.1780   92.5257    7.1190   92.5257   68.0202
    0.3761   61.1306    0.3761    0.9178   93.2445    7.8934   93.2445   68.0994
    0.6445   61.4073    0.6445    0.4270   93.7384    7.4307   93.7384   68.6076