   2.0000000e+01
   2.0000000e+01
   2.0000000e+01
   2.0000000e+01
   2.0000000e+01
   1.6666667e+01
   1.3333333e+01
   1.0000000e+01
   6.6666667e+00
   3.3333333e+00
   0.0000000e+00
  -6.6666667e+00
  -1.3333333e+01
  -2.0000000e+01
  -2.0000000e+01
  -2.8333333e+01
  -3.6666667e+01
  -4.5000000e+01
  -4.5000000e+01
  -4.5000000e+01
  -5.5000000e+01
  -6.5000000e+01
  -7.5000000e+01
  -7.5000000e+01
  -7.5555556e+01
  -7.6111111e+01
  -7.6666667e+01
  -7.7222222e+01
  -7.7777778e+01
  -7.8333333e+01
  -7.8888889e+01
  -7.9444444e+01
  -8.0000000e+01
  -8.2000000e+01
  -8.4000000e+01
  -8.6000000e+01
  -8.8000000e+01
  -9.0000000e+01
  -9.6428571e+01
  -1.0285714e+02
  -1.0928571e+02
  -1.1571429e+02
  -1.2214286e+02
  -1.2857143e+02
  -1.3500000e+02
  -1.4142857e+02
  -1.4785714e+02
  -1.5428571e+02
  -1.6071429e+02
  -1.6714286e+02
  -1.7357143e+02
   1.8000000e+02
   1.7100000e+02
   1.6200000e+02
   1.5300000e+02
   1.4400000e+02
   1.3500000e+02
   1.2600000e+02
   1.1700000e+02
   1.0800000e+02
   9.9000000e+01
   9.0000000e+01
   7.5000000e+01
   6.0000000e+01
   4.5000000e+01
   4.0000000e+01
   3.5000000e+01
   3.0000000e+01
   2.5000000e+01
   2.0000000e+01
   1.5000000e+01
   1.0000000e+01
   5.0000000e+00
   0.0000000e+00
  -7.2727273e+00
  -1.4545455e+01
  -2.1818182e+01
  -2.9090909e+01
  -3.6363636e+01
  -4.3636364e+01
  -5.0909091e+01
  -5.8181818e+01
  -6.5454545e+01
  -7.2727273e+01
  -8.0000000e+01
  -8.0000000e+01
  -8.0000000e+01
