24.6509    -61.4242    -202.482       -41.2562    14.5623    11.3369
-10.5628    -64.5402    -199.753       -48.4291    48.1401    10.3259
-43.6411    -86.4763    -188.963       -77.4037    79.5932    6.14814
-74.2664    -67.7735    -197.475       -52.8288    110.692    6.06044
52.6082    -62.0332    -187.261       -48.5691    -12.7737    23.4313
8.38621    -57.5264    -176.335       -54.4653    30.1005    34.9561
-15.6761    -59.6043    -183.481       -53.9757    54.3199    26.5602
-60.9133    -67.7984    -178.709       -65.3968    98.2734    23.0952
-66.9515    -63.5592    -187.926       -55.2352    104.029    17.3406
-80.4827    -49.8325    -187.329       -41.7089    117.908    24.5952
10.347    -73.0288    -164.914       -76.0113    26.6971    36.7421
-35.7317    -74.7346    -165.54       -80.0725    72.7086    32.5003
-73.6666    -48.4719    -171.439       -50.3895    114.074    37.8008
41.4587    -47.0534    -148.18       -56.5485    -1.82928    64.5962
0.420448    -55.1986    -163.789       -59.5063    37.8116    46.7382
-52.7103    -51.4573    -158.407       -60.8411    92.3699    48.9172
33.379    -40.6191    -125.912       -62.1903    6.00812    88.073
-9.67855    -59.0073    -139.084       -77.9065    48.6854    66.0026
-51.3877    -45.4859    -135.315       -67.2495    93.3585    71.2119
30.0655    -28.0092    -128.529       -47.5637    10.1578    92.7877
-4.56818    -39.0539    -126.105       -62.7882    44.3315    87.9725
-44.6555    -39.9074    -136.004       -60.5062    85.2318    74.6382
-63.7686    -23.5808    -135.43       -43.5511    106.217    81.7899
37.7783    -63.8766    -206       -39.8733    1.69382    7.86239
-8.33526    -62.7565    -211.488       -38.0653    46.0726    2.70249
-36.0695    -65.1202    -205.119       -45.7891    73.1728    4.93373
-79.6122    -59.6756    -198.858       -43.6779    113.973    10.406
-74.46    -69.7486    -195.312       -55.8798    111.001    7.42323
2.42024    -54.341    -191.184       -43.6351    36.9333    23.6798
-28.03    -64.3588    -195.618       -51.5181    66.0967    13.5744
-66.2    -49.6245    -159.439       -58.5476    106.896    47.491
24.402    -38.2589    -139.408       -52.3443    13.8244    77.5016
-52.1527    -32.3643    -126.166       -56.8521    93.87    84.3629
10.8387    -13.6011    -117.377       -39.1788    29.5669    110.403
-27.7663    -30.3611    -126.686       -53.7037    68.1249    88.057
-55.1717    -37.7123    -129.047       -61.5117    97.4676    78.6702
26.5128    -56.6837    -211.02       -28.8692    10.9315    7.72138
-8.39199    -56.6872    -189.289       -45.706    44.9706    23.4789
-41.9869    -51.4387    -187.214       -42.4183    77.5635    25.8313
37.2844    -43.2945    -202.221       -21.022    2.67004    22.1722
-9.43924    -45.8744    -201.731       -27.4559    46.9046    19.3764
-25.3154    -55.1733    -191.29       -43.7478    62.2147    21.2204
-61.5741    -56.263    -173.712       -55.8011    98.107    31.8264
7.70051    -3.41684    -176.625       0.145914    33.8092    65.6341
-43.6935    -9.65109    -162.661       -14.4769    83.2754    69.2281
-65.4758    -5.46868    -127.22       -27.6891    109.435    97.1899
-8.47067    12.4959    -180.65       16.1835    49.5681    71.1546
-52.1713    13.8615    -171.273       12.6562    91.7322    75.0961
-78.0109    12.2447    -151.659       2.63586    118.747    86.3959
21.1001    19.6122    -184.553        26.1499    22.9915    73.2532
-9.0577    23.0041    -185.046        26.7975    51.1974    73.5761
-52.0491    17.1818    -168.552        14.0345    91.5767    79.8509
-49.3897    28.5837    -159.391        21.0681    88.8843    94.4345
44.8038    30.9873    -163.886        28.3385    2.48711    97.2966
-3.29049    27.0031    -162.891        19.4874    45.4801    95.2846
-42.5482    29.2111    -163.262        22.3865    82.3752    92.7967
-73.3592    23.6984    -150.624        12.4821    114.036    95.4454
-6.9258    16.0933    -188.975        23.7728    48.7879    66.4669
62.1294    1.37178    -199.862        22.9383    -16.5173    50.9092
-4.19375    23.7447    -192.683        32.8222    45.8538    68.4681
-56.4339    30.3811    -180.161        32.4658    95.1204    78.2384
-81.9523    33.4706    -161.452        27.5026    120.558    91.7328
40.8984    29.8606    -157.62        22.8237    6.05737    101.418
9.20758    28.1206    -156.707        19.2629    33.8915    101.849
-41.1577    32.0488    -146.454        17.3625    81.6288    108.631
20.263    50.6473    -221.667        72.6133    24.8177    63.669
-23.8526    52.13    -209.237        65.2931    63.5011    71.4881
-85.6042    42.3527    -182.082        45.1618    121.214    81.1026
-53.9861    51.5949    -190.599        56.0135    91.4334    83.2467
9.45061    55.5677    -223.262        76.8739    34.3438    65.3285
-18.008    53.1438    -220.965        71.9257    58.6507    63.5898
-69.3186    65.4913    -202.404        74.0059    104.551    80.6352
36.886    78.0017    -208.565        88.724    13.333    89.3478
-4.74782    83.0945    -250.6        115.373    46.0899    62.2589
-81.4249    87.6741    -229.985        108.51    110.898    72.6087
-83.2424    71.7701    -200.389        80.2414    114.817    85.3576
28.7265    97.2055    -245.178        125.297    19.3698    76.8142
10.625    -52.1694    -168.425        -51.5628    26.0352    44.2178
-13.3643    -31.687    -173.106        -30.0775    51.8361    50.0772
-17.9525    -10.1354    -179.633        -5.60727    57.4015    57.4315
-5.35243    1.85437    -179.792        5.79209    46.7382    65.6902
-6.62435    -59.7374    -165.358        -63.0416    44.2872    41.9003
19.5102    12.1464    -192.497        23.6731    23.8138    62.5748
-20.688    14.3861    -184.13        18.4735    62.3283    68.6051
-56.6171    19.5422    -194.222        30.3907    94.2881    60.6717
14.8894    28.688    -204.123        44.3177    28.3303    63.6778
-54.7146    48.4922    -205.628        61.5586    90.5335    70.3065
-2.65281    60.1655    -226.124        81.9736    45.2709    65.5383
-63.2605    58.9687    -220.637        79.6743    96.6682    64.7048
-18.0992    33.0353    -192.564        40.473    59.3447    73.5118
