102.473    -41.9084    -207.593       153.397    141.595    10.7987
51.8848    -50.4731    -210.932       163.182    92.1474    6.69842
38.2247    -52.2518    -210.66       165.593    78.8872    6.62955
18.3336    -52.8163    -213.322      166.489    59.7078    3.6801
5.03695    -51.6708    -213.487       165.787    46.1398    4.09465
-11.4676    -41.437    -216.376       155.185    29.1498    5.08317
-32.7407    -31.3085    -221.58      144.1    7.2182    3.75426
-44.1579    -21.4762    -225.714        133.268    -4.82315    3.49115
-59.831    -15.6013    -227.191        127.609    -19.9832    3.98313
87.0677    -47.5009    -193.326       165.015    127.099    22.5079
47.1685    -45.9568    -197.015       163.377    87.7298    21.0511
5.15617    -41.3692    -199.583      159.665    45.7195    20.582
-26.8574    -28.2901    -207.667       145.024    12.6727    17.7939
-42.9017    -17.2024    -212.807        132.911    -3.92676    17.0182
-52.9093    -1.93012    -216.911        116.221    -14.2093    19.0804
95.0005    -27.8981    -190.198      145.326    133.938    32.082
50.0563    -34.187    -188.934       153.448    90.2442    33.0137
15.3349    -40.1582    -176.056       165.743    56.0714    42.8302
-9.95103    -22.182    -183.508       145.516    29.2649    42.3763
-28.9273    -8.51297    -186.536       130.983    8.74515    45.0733
-48.6723    8.04398    -190.78        113.808    -11.7764    47.3457
58.087    -27.1476    -219.959       135.731    96.9314    6.99828
39.5111    -25.7906    -223.222      133.458    79.0389    5.0286
18.2974    -29.3756    -222.718       138.652    58.1303    4.15107
-18.0348    -24.8357    -223.418       135.831    21.4586    4.99209
-42.206    -9.84014    -232.2        119.01    -2.96542    2.05052
63.2704    -15.5039    -209.391       127.124    101.095    20.8591
27.0952    -20.4444    -207.477       133.859    66.5236    21.3738
-3.04526    -16.8544    -200.066       133.896    36.1254    29.4161
-24.9964    -1.27801    -199.719      119.187    13.1997    35.713
-38.0202    16.6534    -200.629         101.168    -0.768127    42.1395
69.3354    6.47945    -179.771       114.102    107.115    56.5862
22.2938    8.3503    -176.3          114.4    60.609    62.6559
-14.3309    16.8137    -170.994       108.709    23.2125    70.4218
-31.1099    41.7439    -167.28       85.6472    5.8927    84.2766
98.1964    13.1341    -232.386       90.3486    132.263    9.52592
58.8765    -10.4378    -224.185       117.264    97.2266    9.62634
20.5124    -10.8012    -228.188       117.759    59.5255    6.52126
-0.992324    -19.7159    -228.392       128.092    39.0427    2.31695
-14.8718    -14.5884    -229.152       123.127    24.6278    3.78901
-46.3254    -7.62867    -229.127        117.986    -6.98337    5.71814
97.8318    1.23438    -216.86        106.893    133.21    18.873
41.292    -2.95636    -220.721       111.553    79.2553    16.3051
2.87712    -9.67076    -223.502      119.002    42.4673    10.933
-28.0594    -2.21125    -223.537       112.887    11.0638    13.4117
-47.4931    18.5297    -215.324        95.3969    -9.22015    28.7971
98.1185    8.73711    -200.032       104.61    134.285    37.1367
37.455    -1.2395    -207.973       113.833    76.2823    28.4752
-2.32954    3.82776    -207.986       110.076    36.8451    30.3642
5.90405    7.86445    -179.715        114.45    44.7686    58.5624
-27.2234    21.0319    -197.035       97.1153    10.2958    47.6043
-56.2076    25.7968    -206.913        91.1316    -18.6327    39.3961
77.0335    15.3257    -239.148       86.5244    111.873    5.25812
51.4476    1.02854    -235.12       102.713    89.3992    4.39629
22.3533    -8.4933    -229.69         114.83    61.447    5.99511
-8.09176    -12.4577    -229.944       120.258    31.6574    3.90589
-20.3212    -20.6629    -226.017       130.543    19.8115    3.81417
-32.1234    -10.7268    -229.786       119.711    7.57831    4.20578
-45.965    8.86739    -233.825        99.6084    -6.45169    7.73968
61.9256    15.7146    -224.567       91.0393    97.6196    19.6965
18.9304    13.8145    -219.359       95.8323    57.2057    24.3158
-4.26185    13.5413    -218.794      97.0391    34.899    24.4284
-44.9023    24.9152    -218.518        87.8006    -6.67609    28.5738
78.3507    29.2212    -214.455       80.5479    113.415    33.7131
26.9379    29.1289    -204.806       84.8815    64.3272    44.3141
-17.8015    46.7691    -197.687       71.2078    19.6262    58.3291
-40.0925    65.3977    -192.623        56.0469    -2.98728    70.2219
16.5769    27.2529    -195.472      89.4403    54.188    52.6291
83.8171    31.5034    -241.244       70.6237    118.708    9.20543
44.5162    20.4729    -238.987       82.7554    81.5679    8.58057
-2.56653    16.9071    -237.035       88.1392    36.2766    9.51166
-16.5919    20.4699    -239.128      84.6581    22.265    8.54055
-36.5498    21.6227    -236.39       85.1927    2.60791    11.0438
-48.6947    39.0847    -237.461        68.4541    -9.34415    16.3306
51.9123    50.6113    -226.571       58.0521    86.6488    31.9617
14.0912    57.15    -230.39         51.2584    51.237    31.6402
-5.26974    53.4017    -229.265       55.5722    33.0286    30.9809
-32.8469    63.951    -230.591       46.0948    5.93647    33.3544
61.5422    71.5675    -236.37       35.2528    95.9081    30.4148
30.7692    67.9327    -233.989       39.9558    67.3962    32.1054
5.6702    68.0524    -237.876       39.2952    43.769    28.673
-22.738    56.4599    -235.775       51.2479    15.7621    25.8067
-41.0513    59.312    -235.408        49.4019    -2.04844    26.6175
81.8806    81.2432    -225.551       35.4096    99.5036    39.6379
66.1521    73.8992    -227.626       18.2189    44.7119    45.0713
-18.9427    103.714    -226.116       10.9458    18.7705    52.6326
55.4639    119.933    -238.552        -8.08496    89.5408    44.4698
14.4334    118.541    -225.734        -1.15872    52.0551    58.8955
-11.923    94.6328    -232.772       17.1887    26.1269    43.0967
28.621    119.664    -246.816       -9.56004    65.2038    37.325
2.35331    128.622    -248.745        -17.8132    42.1841    38.4239
-18.4552    124.715    -242.93       -12.6471    21.794    42.6788
-36.6792    125.243    -251.34       -15.217    4.91901    33.8738
1.05162    -13.9372    -221.418       123.776    39.6201    11.3197
-6.14874    -6.25635    -225.301       115.086    32.7742    10.7595
-22.5016    -1.2876    -226.265       110.449    16.4507    11.4775
-19.063    -9.25902    -225.249       118.733    19.8309    9.35596
-15.6923    -27.9863    -218.477       140.332    23.8608    8.11056
-16.6385    -13.138    -223.959       123.315    22.3102    9.00051
-4.39554    8.81766    -170.175      116.559    33.7809    67.868
-16.5298    7.02818    -194.74       111.535    21.4594    43.9244
-18.6509    2.19657    -222.18       108.356    19.8878    16.6191
