0  0  17.0255
0  1  3.51832
0  2  13.2121
0  3  3.20484
0  4  32.8588
0  5  2.98496
0  6  8.34801
0  7  21.2561
0  8  18.0263
0  9  18.9453
0  10  16.1599
1  0  4.99025
1  1  2.69746
1  2  1.56462
1  3  0.700404
1  4  0.926089
1  5  2.4935
1  6  4.38761
1  7  2.59956
1  8  2.33748
1  9  2.01509
1  10  1.46926
1  11  2.31643
1  12  3.04905
1  13  5.33095
1  14  7.2534
1  15  6.24407
1  16  4.48758
1  17  4.80628
1  18  5.4366
1  19  4.59338
1  20  3.14796
1  21  2.97953
1  22  3.65945
1  23  7.03136
1  24  7.4572
1  25  6.76927
1  26  12.8081
1  27  0.708434
1  28  1.07685
1  29  1.1306
1  30  0.902943
1  31  0.791714
1  32  1.05751
1  33  0.692667
1  34  1.16068
1  35  0.996
1  36  1.21225
1  37  1.02669
1  38  1.67903
1  39  1.85148
1  40  9.68058
1  41  12.1193
1  42  1.25087
1  43  3.24245
1  44  0.951525
1  45  0.616416
1  46  0.610282
1  47  1.17189
1  48  1.96788
1  49  5.09871
1  50  2.94805
1  51  2.88794
1  52  4.74085
1  53  5.77301
1  54  5.54384
1  55  21.9772
1  56  30.5298
1  57  60.818
1  58  5.63487
2  0  0.460911
2  1  0.381063
2  2  0.230419
2  3  0.252573
2  4  0.382297
2  5  1.39949
2  6  1.56762
2  7  2.18093
2  8  2.07207
2  9  1.81791
2  10  3.96143
2  11  4.53019
2  12  5.09809
2  13  8.64385
2  14  3.93023
2  15  4.35239
2  16  8.26283
2  17  1.44392
2  18  0.918288
2  19  0.971026
2  20  0.628976
2  21  0.58203
2  22  0.540397
2  23  0.586078
2  24  0.580774
2  25  0.583789
2  26  0.664742
2  27  1.26705
2  28  0.745181
2  29  1.86057
2  30  1.47911
2  31  1.62202
2  32  1.60013
2  33  25.1282
2  34  1.60863
2  35  1.56903
2  36  2.39071
2  37  1.63045
2  38  1.46576
2  39  1.03697
2  40  1.28879
2  41  0.741271
2  42  1.01256
2  43  0.709913
2  44  1.44026
2  45  0.253524
3  0  147.662
3  1  148.025
3  2  95.2715
3  3  57.5296
3  4  23.7509
3  5  15.535
3  6  31.5844
3  7  89.7407
3  8  57.744
3  9  12.1206
3  10  40.2186
