0  0  1.25346
0  1  1.40385
0  2  1.07216
0  3  1.19331
0  4  1.19332
0  5  1.17503
0  6  2.67994
0  7  1.87229
0  8  1.87178
0  9  2.08199
0  10  1.32104
0  11  1.55989
0  12  1.57372
0  13  1.77995
0  14  1.47661
0  15  1.04411
0  16  1.50786
0  17  1.89037
0  18  2.03632
0  19  1.05248
0  20  1.75814
0  21  2.05899
0  22  1.79872
0  23  1.13123
0  24  1.09959
0  25  1.80332
0  26  1.22762
0  27  1.22797
0  28  9.36223
0  29  1.15996
0  30  0.988505
0  31  1.0792
0  32  1.16753
0  33  0.935672
0  34  2.227
0  35  5.06201
0  36  3.55393
0  37  2.21734
0  38  2.69817
0  39  2.94185
0  40  3.08785
0  41  1.19539
0  42  2.00374
0  43  1.6388
0  44  1.45395
0  45  1.72941
0  46  2.27308
0  47  3.72503
0  48  1.0263
0  49  0.660687
0  50  0.440029
0  51  0.862733
0  52  1.29969
0  53  0.438421
0  54  0.764272
0  55  2.04468
0  56  0.557142
0  57  0.804348
0  58  0.832525
0  59  0.904633
0  60  0.803822
0  61  0.361881
0  62  1.10256
0  63  1.28434
0  64  1.05875
0  65  0.922076
1  0  2.58024
1  1  5.13304
1  2  7.64987
1  3  7.26353
1  4  23.7579
1  5  15.3699
1  6  11.9203
1  7  4.43657
1  8  4.22042
1  9  6.73181
1  10  3.22717
2  0  2.31295
2  1  1.44632
2  2  1.02901
2  3  2.13386
2  4  1.88245
2  5  2.19389
2  6  0.967907
2  7  1.46561
2  8  1.35439
2  9  1.56341
2  10  1.85735
2  11  1.76543
2  12  1.5083
2  13  3.88072
2  14  6.20492
2  15  10.3186
2  16  14.4773
2  17  13.9177
2  18  7.0106
2  19  8.41533
2  20  7.50451
2  21  6.03384
2  22  6.0808
2  23  13.2432
2  24  11.8835
2  25  13.0029
2  26  33.6377
2  27  3.0345
2  28  2.47153
2  29  2.59118
2  30  1.91026
2  31  1.5606
2  32  2.13116
2  33  1.66177
2  34  1.93318
2  35  2.00655
2  36  1.62149
2  37  2.2429
2  38  2.06587
2  39  1.9788
2  40  9.89966
2  41  10.2368
2  42  4.3316
2  43  4.99434
2  44  2.31665
2  45  1.94015
2  46  1.84914
2  47  1.71222
2  48  2.82008
2  49  4.75869
2  50  7.79531
2  51  9.9852
2  52  9.18006
2  53  12.9498
2  54  12.4755
2  55  92.2513
2  56  90.7271
2  57  82.3431
2  58  1.32306
3  0  113.112
3  1  159.105
3  2  119.118
3  3  4.95686
3  4  4.38929
3  5  23.3109
3  6  21.4664
3  7  37.3386
3  8  29.2484
3  9  7.01572
3  10  9.45067
