0  0  0.92183
0  1  1.24055
0  2  0.534335
0  3  3.02102
0  4  4.0797
0  5  1.55355
0  6  1.77969
0  7  2.86841
0  8  7.53835
0  9  9.9166
0  10  10.0586
0  11  42.2234
0  12  27.4503
0  13  23.7007
0  14  41.7342
0  15  30.7375
0  16  43.7194
0  17  83.9574
0  18  46.4041
0  19  60.2633
0  20  47.9415
0  21  47.8507
0  22  56.9376
0  23  47.5871
0  24  28.3969
0  25  42.1978
0  26  24.1209
0  27  10.2967
0  28  4.19717
0  29  4.43757
0  30  3.29359
0  31  5.04043
0  32  5.96646
0  33  13.0528
0  34  30.0566
0  35  25.6454
0  36  53.3522
0  37  54.2373
0  38  3.98353
0  39  30.0097
0  40  9.50746
0  41  40.1447
0  42  2.43731
0  43  2.31883
0  44  2.72955
0  45  2.28298
0  46  2.66878
0  47  3.19978
0  48  1.57714
0  49  1.60997
0  50  1.5219
0  51  4.62909
0  52  3.52438
0  53  2.72034
0  54  1.83163
0  55  2.01903
0  56  1.45568
0  57  1.22226
0  58  1.81124
0  59  6.48672
0  60  1.52244
0  61  0.543414
0  62  1.80021
0  63  1.02284
0  64  0.323861
0  65  0.329516
0  66  1.56032
0  67  1.23878
0  68  1.24138
0  69  1.73159
0  70  1.65614
0  71  0.803602
0  72  0.181732
0  73  0.29306
0  74  0.240051
0  75  0.271562
0  76  0.913921
0  77  0.679644
0  78  0.95579
0  79  1.03908
0  80  1.84913
0  81  0.60626
0  82  0.409746
1  0  0.640038
1  1  0.924073
1  2  1.52876
1  3  1.49918
1  4  1.35762
1  5  1.182
1  6  0.850973
2  0  0.492085
2  1  0.411918
2  2  0.285099
2  3  0.296859
2  4  0.400657
2  5  1.44039
2  6  2.65666
2  7  3.26165
2  8  2.50902
2  9  2.83934
2  10  5.71205
2  11  7.01422
2  12  7.03414
2  13  11.717
2  14  6.717
2  15  6.4559
2  16  12.0592
2  17  2.28384
2  18  1.59586
2  19  0.945565
2  20  0.587454
2  21  0.495712
2  22  0.715285
2  23  0.614103
2  24  0.527065
2  25  0.591481
2  26  0.702804
2  27  1.23526
2  28  0.750177
2  29  3.07248
2  30  2.25119
2  31  2.29673
2  32  2.36685
2  33  24.053
2  34  1.62689
2  35  1.57313
2  36  3.69166
2  37  2.76365
2  38  2.48327
2  39  1.81577
2  40  2.21891
2  41  1.43018
2  42  1.75789
2  43  0.962086
2  44  2.48808
2  45  0.2509
