0  0  7.25456
0  1  8.54503
0  2  8.20245
0  3  8.98213
0  4  7.15276
0  5  11.3727
0  6  10.7704
0  7  11.5376
0  8  18.8422
0  9  23.0856
0  10  26.7287
0  11  26.5212
0  12  11.1263
0  13  24.0726
0  14  14.9709
0  15  23.9361
0  16  24.5486
0  17  31.0437
0  18  35.7545
0  19  12.4077
0  20  48.2604
0  21  33.9558
0  22  32.5119
0  23  20.0486
0  24  29.5258
0  25  28.0772
0  26  25.0588
0  27  28.6014
0  28  16.4545
0  29  18.7475
0  30  19.3769
0  31  12.9365
0  32  11.6019
0  33  10.1505
0  34  33.9189
0  35  32.519
0  36  21.7537
0  37  19.1513
0  38  30.0196
0  39  27.5419
0  40  36.3746
0  41  33.2831
0  42  35.9462
0  43  28.8521
0  44  21.6851
0  45  9.05469
0  46  9.73776
0  47  5.1606
0  48  16.2436
0  49  44.4628
0  50  133.333
0  51  82.709
1  0  11.9297
1  1  3.62693
1  2  1.78521
1  3  2.7188
1  4  2.90516
1  5  4.0666
1  6  4.31036
1  7  5.69954
1  8  4.52534
1  9  3.86172
1  10  3.7629
1  11  142.511
1  12  89.8649
1  13  174.698
1  14  123.05
1  15  79.8417
1  16  58.749
1  17  55.3791
1  18  55.4912
1  19  99.4868
1  20  31.645
1  21  17.9714
1  22  79.5229
1  23  71.4632
1  24  47.6694
1  25  7.69553
1  26  8.28619
1  27  11.6033
1  28  19.9803
1  29  198.797
1  30  13.8097
1  31  9.71512
1  32  3.0066
1  33  2.6692
1  34  3.69559
1  35  50.9714
1  36  23.6114
1  37  100.651
1  38  113.904
1  39  77.687
1  40  60.6037
1  41  61.5964
1  42  79.3673
1  43  61.7449
1  44  50.8052
1  45  27.12
1  46  38.2236
1  47  118.616
1  48  16.9258
1  49  171.353
1  50  129.295
1  51  62.0414
1  52  78.2493
1  53  73.0884
1  54  93.9043
1  55  40.2553
1  56  66.3361
1  57  33.5279
1  58  47.5138
1  59  23.6516
1  60  6.49168
1  61  9.10878
2  0  1.41528
2  1  2.09023
2  2  3.28598
2  3  3.54357
2  4  3.62881
2  5  12.955
2  6  6.32044
2  7  13.0639
2  8  12.2952
2  9  12.1087
2  10  10.2381
2  11  7.79818
2  12  5.30253
2  13  8.37143
2  14  4.81157
2  15  5.98341
2  16  4.97903
2  17  6.38786
2  18  8.18479
2  19  16.1839
2  20  77.4188
2  21  93.0501
2  22  62.976
2  23  83.5576
2  24  581.608
2  25  42.6147
2  26  229.162
2  27  242.335
2  28  16.7045
2  29  50.0884
2  30  14.1163
2  31  6.28264
2  32  7.79159
2  33  2.02491
2  34  1.5714
2  35  1.40687
2  36  2.14652
2  37  2.4302
2  38  2.14354
