0  0  3.2873
0  1  1.26399
0  2  44.0368
0  3  66.0451
0  4  105.484
0  5  113.578
0  6  71.6633
0  7  36.0293
0  8  18.311
0  9  18.0853
0  10  2.40055
0  11  1.31443
0  12  1.61653
0  13  1.55648
0  14  1.67725
0  15  1.89175
0  16  2.3367
0  17  1.17522
0  18  1.14981
0  19  1.26665
0  20  0.917793
0  21  0.966828
0  22  19.542
1  0  19.5946
1  1  62.0134
1  2  49.3161
1  3  90.133
1  4  198.336
1  5  113.436
1  6  76.8296
1  7  31.7189
1  8  52.0716
1  9  2.59458
1  10  1.75808
1  11  1.42925
1  12  1.40095
1  13  1.98933
1  14  35.9866
1  15  44.8724
1  16  71.7111
1  17  43.7811
1  18  44.7067
1  19  11.7023
1  20  75.9696
1  21  54.2011
1  22  56.365
1  23  1.88788
1  24  1.20138
1  25  1.42454
1  26  1.48321
1  27  1.44796
1  28  1.77682
1  29  2.15972
1  30  2.35094
1  31  4.26352
1  32  15.4299
1  33  24.1926
1  34  26.3992
1  35  8.3228
1  36  7.56476
1  37  22.2988
1  38  20.9986
1  39  6.55483
1  40  2.08806
1  41  1.91907
1  42  1.50754
1  43  1.89893
1  44  2.21655
1  45  1.28109
1  46  1.3449
1  47  2.0465
1  48  0.872066
1  49  0.964453
2  0  9.85739
2  1  9.74396
2  2  8.0233
2  3  7.68927
2  4  5.84867
2  5  10.6087
2  6  4.10523
2  7  4.16667
2  8  1.92589
2  9  1.85152
