0  0  18.8976
0  1  9.37227
0  2  28.2532
0  3  9.95648
0  4  31.1116
0  5  3.90787
0  6  6.55431
0  7  11.4167
0  8  8.19603
0  9  8.2258
0  10  6.62188
1  0  1.58706
1  1  2.30648
1  2  2.14283
1  3  1.2856
1  4  1.39529
1  5  2.55278
1  6  4.56621
1  7  2.734
1  8  2.56116
1  9  2.48628
1  10  1.81725
1  11  2.16372
1  12  2.5948
1  13  5.98533
1  14  7.21887
1  15  4.22517
1  16  3.26418
1  17  3.4991
1  18  3.23595
1  19  7.61143
1  20  3.91037
1  21  5.0974
1  22  3.57131
1  23  11.2917
1  24  12.6235
1  25  10.6333
1  26  21.6793
1  27  0.991277
1  28  0.920351
1  29  2.22604
1  30  1.61539
1  31  1.69769
1  32  2.17483
1  33  1.13342
1  34  2.35002
1  35  1.90843
1  36  2.32988
1  37  2.14884
1  38  2.90155
1  39  3.44272
1  40  12.3082
1  41  14.0751
1  42  2.28439
1  43  4.84256
1  44  1.97309
1  45  1.6144
1  46  1.73654
1  47  2.46368
1  48  3.5817
1  49  5.01192
1  50  3.97483
1  51  4.41354
1  52  7.07626
1  53  7.68744
1  54  7.57819
1  55  21.84
1  56  93.9129
1  57  100.508
1  58  8.22964
2  0  0.554416
2  1  0.498892
2  2  0.410305
2  3  0.49669
2  4  0.485463
2  5  1.47159
2  6  2.92093
2  7  5.62211
2  8  3.04212
2  9  3.30222
2  10  6.13425
2  11  7.66793
2  12  6.81623
2  13  14.0232
2  14  7.90469
2  15  8.06435
2  16  13.7477
2  17  2.50619
2  18  1.70418
2  19  1.65437
2  20  0.56359
2  21  0.696756
2  22  1.04634
2  23  0.708429
2  24  0.493513
2  25  0.638712
2  26  0.823636
2  27  1.7667
2  28  0.923498
2  29  4.24112
2  30  3.31743
2  31  4.13233
2  32  4.66613
2  33  21.5293
2  34  1.62246
2  35  1.55107
2  36  3.64306
2  37  2.94949
2  38  2.91028
2  39  1.86701
2  40  2.50906
2  41  1.60731
2  42  2.50779
2  43  1.07201
2  44  2.79804
2  45  0.393416
3  0  262.629
3  1  242.86
3  2  124.264
3  3  101.127
3  4  41.7349
3  5  11.8266
3  6  39.8713
3  7  187.895
3  8  116.771
3  9  15.1957
3  10  39.7034
