0  0  8.39856
0  1  5.83794
0  2  6.68699
0  3  7.12282
0  4  7.50666
0  5  4.68261
0  6  5.63694
0  7  4.5718
0  8  4.74748
0  9  2.42321
0  10  0.488916
0  11  0.852494
0  12  1.24455
0  13  0.71586
0  14  1.30796
0  15  0.423522
0  16  0.263978
0  17  0.309604
0  18  1.12232
0  19  5.70613
0  20  55.4137
0  21  65.372
0  22  57.7693
0  23  66.1759
0  24  39.7943
0  25  38.6681
0  26  34.1167
0  27  33.7837
0  28  83.3353
0  29  4.91726
0  30  11.2104
0  31  13.595
0  32  26.0701
0  33  12.7991
0  34  12.1919
0  35  15.134
0  36  86.3868
0  37  25.4352
0  38  26.9301
0  39  18.2351
0  40  16.8442
0  41  13.6112
0  42  113.936
0  43  12.4326
0  44  5.28659
0  45  2.51464
0  46  6.77227
0  47  4.11347
0  48  11.0959
0  49  23.594
0  50  18.0382
0  51  30.1537
1  0  21.4597
1  1  3.52641
1  2  2.29192
1  3  4.50299
1  4  17.6083
1  5  7.21371
1  6  18.1319
1  7  13.9672
1  8  14.2867
1  9  12.2889
1  10  18.4196
1  11  221.128
1  12  337.455
1  13  261.338
1  14  134.657
1  15  129.602
1  16  56.1151
1  17  27.7549
1  18  14.3084
1  19  126.312
1  20  116.882
1  21  4.3462
1  22  61.7658
1  23  85.7635
1  24  62.6498
1  25  11.94
1  26  6.47214
1  27  5.85041
1  28  37.7035
1  29  38.338
1  30  4.81892
1  31  2.78028
1  32  27.237
1  33  117.096
1  34  50.5301
1  35  13.8055
1  36  40.5714
1  37  12.3617
1  38  14.8574
1  39  170.204
1  40  79.0234
1  41  117.496
1  42  154.697
1  43  74.8973
1  44  178.334
1  45  52.5931
1  46  38.5612
1  47  33.2638
1  48  35.2307
1  49  77.204
1  50  194.743
1  51  49.9427
1  52  93.409
1  53  95.491
1  54  83.8492
1  55  18.6742
1  56  58.6157
1  57  55.8908
1  58  13.9413
1  59  105.252
1  60  18.4638
1  61  39.875
2  0  0.947424
2  1  6.75432
2  2  3.02224
2  3  6.95725
2  4  3.4581
2  5  5.88232
2  6  8.25925
2  7  4.1714
2  8  4.43799
2  9  8.66091
2  10  1.28901
2  11  1.65306
2  12  4.60505
2  13  5.28811
2  14  4.74912
2  15  3.26723
2  16  8.3971
2  17  2.09596
2  18  3.19766
2  19  46.8361
2  20  104.286
2  21  114.755
2  22  74.4234
2  23  95.8036
2  24  238.477
2  25  155.104
2  26  13.2705
2  27  4.47133
2  28  5.88995
2  29  4.866
2  30  8.50707
2  31  3.411
2  32  5.9556
2  33  5.37293
2  34  21.3693
2  35  21.7664
2  36  19.4993
2  37  4.67614
2  38  14.0555
