0  0  0.967769
0  1  0.672779
0  2  1.65268
0  3  1.5679
0  4  1.74202
0  5  1.02893
0  6  1.52211
0  7  0.855897
0  8  0.977595
0  9  0.836105
0  10  0.961783
0  11  0.965322
0  12  0.815437
0  13  0.905932
0  14  0.971528
0  15  0.782554
0  16  0.660748
0  17  1.08203
0  18  2.73918
0  19  301.108
0  20  2.37141
0  21  2.10853
0  22  1.69762
0  23  0.764149
0  24  0.808872
0  25  1.31708
0  26  2.52789
0  27  2.54403
0  28  2.23504
0  29  1.95211
0  30  1.28066
0  31  366.279
0  32  1.03838
0  33  1.2871
0  34  8.43665
0  35  2.75007
0  36  2.17505
0  37  0.739791
0  38  2.08307
0  39  2.29455
0  40  2.18557
0  41  3.72714
0  42  3.11008
0  43  3.76254
0  44  4.51109
0  45  3.56864
0  46  3.27016
0  47  2.51215
0  48  2.16849
0  49  2.16156
0  50  1.76008
0  51  2.28271
0  52  3.51718
0  53  3.50583
0  54  1.09217
0  55  1.21562
0  56  5.73046
0  57  0.412069
0  58  0.446746
0  59  0.349784
0  60  0.500364
0  61  0.653575
0  62  0.415168
0  63  1.16365
0  64  0.533562
0  65  0.64416
0  66  0.544191
0  67  0.283126
0  68  2.44914
0  69  4.6379
0  70  4.52743
0  71  0.861037
0  72  0.443413
0  73  0.616514
1  0  0.936932
1  1  0.382815
1  2  0.832143
1  3  3.39814
1  4  5.07086
1  5  1.88058
1  6  2.12678
1  7  9.71395
1  8  9.61969
1  9  12.2504
1  10  11.6608
1  11  41.627
1  12  30.4202
1  13  24.5205
1  14  40.6046
1  15  32.7182
1  16  42.8375
1  17  81.1425
1  18  47.0889
1  19  61.5184
1  20  48.122
1  21  46.6046
1  22  55.7509
1  23  53.1565
1  24  38.2063
1  25  48.0389
1  26  33.7146
1  27  16.8322
1  28  6.9354
1  29  6.9515
1  30  6.39697
1  31  5.55763
1  32  5.66122
1  33  11.9731
1  34  26.2484
1  35  22.7661
1  36  38.1675
1  37  28.9253
1  38  8.03493
1  39  18.2218
1  40  6.97499
1  41  30.1304
1  42  3.04035
1  43  2.70492
1  44  3.01075
1  45  2.68577
1  46  nan
1  47  nan
1  48  nan
1  49  nan
1  50  nan
1  51  nan
1  52  nan
1  53  nan
1  54  nan
1  55  nan
1  56  nan
1  57  nan
1  58  nan
1  59  nan
1  60  nan
1  61  nan
1  62  nan
1  63  nan
1  64  nan
1  65  nan
1  66  nan
1  67  nan
1  68  nan
1  69  nan
1  70  nan
1  71  nan
1  72  nan
1  73  nan
1  74  nan
1  75  nan
1  76  nan
1  77  nan
1  78  nan
1  79  nan
1  80  nan
1  81  nan
1  82  nan
2  0  nan
2  1  nan
2  2  nan
2  3  nan
2  4  nan
2  5  nan
2  6  nan
2  7  nan
2  8  nan
2  9  nan
2  10  nan
2  11  nan
2  12  nan
2  13  nan
2  14  nan
2  15  nan
2  16  nan
2  17  nan
2  18  nan
2  19  nan
2  20  nan
2  21  nan
2  22  nan
2  23  nan
2  24  nan
2  25  nan
2  26  nan
2  27  nan
2  28  nan
2  29  nan
2  30  nan
2  31  nan
2  32  nan
2  33  nan
2  34  nan
2  35  nan
2  36  nan
2  37  nan
2  38  nan
2  39  nan
2  40  nan
2  41  nan
2  42  nan
2  43  nan
2  44  nan
2  45  nan
