0  0  3.58211
0  1  1.24325
0  2  49.2808
0  3  80.7343
0  4  105.181
0  5  117.004
0  6  67.6149
0  7  25.8176
0  8  17.3343
0  9  20.052
0  10  2.29614
0  11  1.12261
0  12  1.41233
0  13  1.32198
0  14  1.45827
0  15  1.76291
0  16  2.26992
0  17  1.06477
0  18  1.0375
0  19  1.19331
0  20  0.723675
0  21  0.719635
0  22  22.9401
1  0  9.09612
1  1  8.33392
1  2  7.22066
1  3  7.41822
1  4  5.20042
1  5  11.6894
1  6  3.61592
1  7  3.83641
1  8  1.68771
1  9  1.70561
2  0  2.59052
2  1  1.91242
2  2  1.27345
2  3  2.10768
2  4  1.88301
2  5  2.04307
2  6  1.11451
2  7  1.59982
2  8  1.326
2  9  1.55684
2  10  1.83264
2  11  1.75261
2  12  1.38107
2  13  3.9031
2  14  6.28806
2  15  10.6997
2  16  14.876
2  17  8.68757
2  18  7.91992
2  19  8.66119
2  20  8.37384
2  21  7.11417
2  22  5.76225
2  23  10.1966
2  24  9.98781
2  25  13.1837
2  26  35.8772
2  27  2.23273
2  28  2.05425
2  29  2.30724
2  30  1.77231
2  31  1.55272
2  32  2.15413
2  33  1.72132
2  34  2.04698
2  35  1.97019
2  36  1.70518
2  37  2.15477
2  38  2.14505
2  39  1.9554
2  40  11.1095
2  41  13.2984
2  42  4.57067
2  43  6.84491
2  44  2.56463
2  45  2.14728
2  46  1.99397
2  47  1.89081
2  48  2.76144
2  49  4.75852
2  50  8.06858
2  51  9.99056
2  52  8.46465
2  53  10.545
2  54  13.9613
2  55  24.9789
2  56  99.4595
2  57  85.8796
2  58  1.73105
