0  0  3.56442
0  1  2.55673
0  2  3.15595
0  3  3.03998
0  4  3.13461
0  5  3.37316
0  6  3.73479
0  7  1.91248
0  8  3.02975
0  9  1.63421
0  10  0.594657
0  11  0.905103
0  12  1.18492
0  13  1.25762
0  14  0.843361
0  15  0.462669
0  16  0.363594
0  17  0.424829
0  18  1.47728
0  19  3.98947
0  20  48.4089
0  21  99.3224
0  22  83.76
0  23  92.824
0  24  30.5418
0  25  36.9043
0  26  28.5623
0  27  29.9032
0  28  74.2136
0  29  3.68136
0  30  5.02889
0  31  5.54903
0  32  10.676
0  33  6.17437
0  34  7.35321
0  35  8.65601
0  36  35.4209
0  37  15.9876
0  38  16.2831
0  39  13.77
0  40  14.6229
0  41  13.4608
0  42  65.0803
0  43  12.2448
0  44  5.00753
0  45  2.70128
0  46  4.24806
0  47  2.69048
0  48  11.3927
0  49  12.4841
0  50  14.415
0  51  28.3786
1  0  24.4539
1  1  3.3909
1  2  1.62279
1  3  4.41068
1  4  11.5538
1  5  4.94332
1  6  14.6381
1  7  12.8291
1  8  12.8228
1  9  10.4636
1  10  11.529
1  11  107.419
1  12  122.635
1  13  122.857
1  14  80.1685
1  15  69.3662
1  16  29.6482
1  17  17.0243
1  18  8.33995
1  19  86.976
1  20  80.1921
1  21  3.08116
1  22  55.5964
1  23  56.1153
1  24  35.7327
1  25  5.88171
1  26  3.29784
1  27  3.06429
1  28  31.8781
1  29  33.6866
1  30  2.94847
1  31  2.32857
1  32  17.9729
1  33  53.8862
1  34  18.6861
1  35  14.497
1  36  29.7216
1  37  11.2742
1  38  17.6021
1  39  80.9185
1  40  34.2622
1  41  47.0599
1  42  71.567
1  43  33.2229
1  44  73.1772
1  45  45.4772
1  46  35.4792
1  47  31.4725
1  48  32.1771
1  49  49.4024
1  50  86.1782
1  51  24.0354
1  52  49.1027
1  53  44.1649
1  54  42.1992
1  55  17.9847
1  56  30.989
1  57  56.8675
1  58  11.5992
1  59  48.3026
1  60  13.1046
1  61  40.1961
2  0  1.01472
2  1  5.79239
2  2  1.83186
2  3  5.40436
2  4  2.0333
2  5  2.97461
2  6  15.8789
2  7  4.48633
2  8  4.5538
2  9  5.453
2  10  1.86052
2  11  3.25101
2  12  5.47074
2  13  5.01431
2  14  5.934
2  15  5.12974
2  16  8.22129
2  17  3.12885
2  18  5.58225
2  19  29.2417
2  20  65.4148
2  21  68.3547
2  22  65.3253
2  23  61.9358
2  24  146.514
2  25  76.3242
2  26  8.36971
2  27  2.72254
2  28  7.24627
2  29  5.95591
2  30  9.21906
2  31  4.71464
2  32  4.30223
2  33  3.9278
2  34  4.76447
2  35  25.3148
2  36  11.0869
2  37  3.64772
2  38  6.1558
