0  0  7.35606
0  1  8.66561
0  2  8.35442
0  3  9.08353
0  4  7.43505
0  5  11.6835
0  6  11.0404
0  7  12.091
0  8  19.2691
0  9  23.8086
0  10  27.4736
0  11  27.3428
0  12  11.4436
0  13  23.9798
0  14  16.5146
0  15  25.0005
0  16  25.7714
0  17  32.5229
0  18  37.0105
0  19  12.9817
0  20  51.2947
0  21  36.0553
0  22  34.3973
0  23  24.2062
0  24  30.3606
0  25  29.0756
0  26  26.1189
0  27  29.6242
0  28  17.1368
0  29  19.5068
0  30  19.9575
0  31  13.1138
0  32  11.3956
0  33  10.2174
0  34  33.4455
0  35  32.0744
0  36  22.5045
0  37  19.9813
0  38  25.5303
0  39  27.6968
0  40  36.4527
0  41  33.2471
0  42  36.2717
0  43  29.0127
0  44  21.4742
0  45  8.39025
0  46  8.25813
0  47  5.09791
0  48  16.471
0  49  42.9745
0  50  136.493
0  51  83.8871
1  0  13.2842
1  1  4.57584
1  2  2.67065
1  3  3.63234
1  4  3.79563
1  5  5.02564
1  6  5.06043
1  7  5.95272
1  8  5.08253
1  9  4.70356
1  10  4.56081
1  11  137.249
1  12  89.5014
1  13  174.854
1  14  124.344
1  15  79.8631
1  16  57.2716
1  17  53.5121
1  18  46.7291
1  19  101.153
1  20  28.8775
1  21  14.1711
1  22  79.9913
1  23  72.6685
1  24  48.1076
1  25  7.4121
1  26  8.26371
1  27  11.9442
1  28  18.58
1  29  194.44
1  30  14.7814
1  31  9.75106
1  32  4.06073
1  33  2.94149
1  34  4.22491
1  35  48.7392
1  36  26.4697
1  37  119.268
1  38  130.521
1  39  86.3982
1  40  59.0057
1  41  60.9513
1  42  79.6267
1  43  63.664
1  44  50.6872
1  45  27.8091
1  46  36.557
1  47  126.244
1  48  17.6967
1  49  177.942
1  50  128.554
1  51  60.0929
1  52  78.1827
1  53  74.0034
1  54  93.3701
1  55  46.5655
1  56  68.6517
1  57  41.959
1  58  55.9032
1  59  25.0467
1  60  6.9222
1  61  9.36154
2  0  1.93643
2  1  2.89931
2  2  4.62057
2  3  5.10094
2  4  5.21984
2  5  12.7825
2  6  10.139
2  7  15.2961
2  8  15.151
2  9  14.8647
2  10  12.0476
2  11  9.64453
2  12  5.61457
2  13  7.59083
2  14  6.44298
2  15  5.64868
2  16  6.59166
2  17  8.24634
2  18  7.34065
2  19  12.9166
2  20  78.6042
2  21  93.2374
2  22  63.6885
2  23  85.3485
2  24  644.187
2  25  42.4353
2  26  227.884
2  27  242.596
2  28  17.3206
2  29  48.7048
2  30  16.2365
2  31  8.83092
2  32  10.5907
2  33  1.74644
2  34  1.35949
2  35  1.45409
2  36  2.78876
2  37  3.37845
2  38  2.00863
