2 0 0 0 1 0 0 0 1 0 0 0 1 0.1440000000000001279 0 0.018000000000000682121 0.99999999999999877875 -3.9220079267599013491e-10 2.4755226271655528028e-08 4.3432473008711618028e-08 0 0 0 0 0 1 0 0 0 1 0 0 0 1 -0.019536987116232751305 0.19999999999999928946 -0.11590595148541993353 0.99999999999995414779 2.9881397577148621778e-07 4.0469352924345697187e-08 2.9426141735096299395e-08 0 0 
2 0 0 0 1 0 0 0 1 0 0 0 1 0 0 0 0.99999999999999877875 1.9429106899726569626e-09 2.3186530001551049842e-08 4.4289957710878850743e-08 0 0 0 0 0 1 0 0 0 1 0 0 0 1 -0.02316631206179309288 0.19999999999999928946 -0.11677698947235448657 0.99999999999998423483 1.7080817579784572032e-07 3.8814965614906214289e-08 3.1554073514663213456e-08 0 0 
2 0 0 0 1 0 0 0 1 0 0 0 1 0 0 0 0.99999999999999866773 2.431660326221444213e-09 2.1550896997513143496e-08 4.51089535681223937e-08 0 0 0 0 0 1 0 0 0 1 0 0 0 1 -0.02560719688254131654 0.19999999999999928946 -0.11738721067754198657 0.99999999999998123723 1.8664225071019299281e-07 3.1454404096978901208e-08 3.8909293566172272318e-08 0 0 
2 0 0 0 1 0 0 0 1 0 0 0 1 0 0 0 0.99999999999999877875 2.9092060219171360122e-09 1.9858804212180585049e-08 4.5879532171652696753e-08 0 0 0 0 0 1 0 0 0 1 0 0 0 1 -0.025282112129733746997 0.19999999999999928946 -0.11526222096251359517 0.99999999999999333866 1.0268220726472667691e-07 2.404927532811978247e-08 4.3859574872570236415e-08 0 0 
2 0 0 0 1 0 0 0 1 0 0 0 1 0 0 0 0.99999999999999866773 -3.9223924282183516084e-10 2.4755168692713913406e-08 4.3432505757688759256e-08 0 0 0 0 0 1 0 0 0 1 0 0 0 1 -0.027948310991300573392 0.19999999999999928946 -0.10979525686781776983 0.99999999999999000799 1.3214909064252066361e-07 2.5379259395441866018e-08 4.3109629544510211152e-08 0 0 
2 0 0 0 1 0 0 0 1 0 0 0 1 0 0 0 0.99999999999999866773 1.4899948722751930748e-09 2.4803551060270689679e-08 4.3404598444075963175e-08 0 0 0 0 0 1 0 0 0 1 0 0 0 1 -0.02325041747830614014 0.19999999999999928946 -0.102601116931074543 0.99999999999999511502 8.5530607776829616317e-08 3.2319860390414726416e-08 3.8169795428533345053e-08 0 0 
2 0 0 0 1 0 0 0 1 0 0 0 1 0 0 0 0.99999999999999877875 1.9428561155721027322e-09 2.3186536537989107323e-08 4.4289954128674872851e-08 0 0 0 0 0 1 0 0 0 1 0 0 0 1 -0.016519559148675533322 0.19999999999999928946 -0.089093516768068425904 0.99999999999999478195 8.8769186681881194937e-08 3.1855448896778332215e-08 3.8558533567000851965e-08 0 0 
2 0 0 0 1 0 0 0 1 0 0 0 1 0 0 0 0.99999999999999877875 1.9428047105113391115e-09 2.3186562003729734662e-08 4.4289940781712448685e-08 0 0 0 0 0 1 0 0 0 1 0 0 0 1 0.0011025531637933738693 0.19999999999999928946 -0.045959078958246024627 0.99999999999999622524 6.9195906143848782597e-08 3.7662459441076407052e-08 3.2902927746530350738e-08 0 0 
2 0 0 0 1 0 0 0 1 0 0 0 1 0 0 0 0.99999999999999866773 2.3124733100621270939e-09 2.1606621242176190314e-08 4.5082531355614190054e-08 0 0 0 0 0 1 0 0 0 1 0 0 0 1 0.086649596528291183972 0.046423984946137863972 0.19999999999999928946 0.99999999999999755751 4.7411277348530346618e-08 4.2506981472873012615e-08 2.6339787735467419943e-08 0 0 
2 0 0 0 1 0 0 0 1 0 0 0 1 0 0 0 0.99999999999999877875 5.5949277849576334534e-10 2.1596122529166124984e-08 4.5087547411761023812e-08 0 0 0 0 0 1 0 0 0 1 0 0 0 1 0.084945132547242785392 -0.073126716354993348546 0.19999999999999928946 0.9999999999999980016 3.8221990836251408836e-08 3.1331371625614782999e-08 3.8976467625021711833e-08 0 0 
2 0 0 0 1 0 0 0 1 0 0 0 1 0 0 0 0.99999999999999877875 4.8068400457929105323e-09 1.9899823011648747164e-08 4.5861773153438371735e-08 0 0 0 0 0 1 0 0 0 1 0 0 0 1 0.092472459280100061108 -0.11219985889533745649 0.19999999999999928946 0.99999999999999822364 3.2817027373344191559e-08 2.1485976777271859909e-08 4.5158373429121042048e-08 0 0 
2 0 0 0 1 0 0 0 1 0 0 0 1 0.029999999999999360512 0 0.0059999999999984510168 0.99999999999999877875 5.4658666377716066459e-09 1.7313288913634062706e-08 4.6900400943114599222e-08 0 0 0 0 0 1 0 0 0 1 0 0 0 1 0.11356134240831128324 -0.11973685130224609452 0.19999999999999928946 0.99999999999999733546 5.4423354295396609992e-08 2.4992635381387917187e-08 4.3318673471643672021e-08 0 0 
2 0 0 0 1 0 0 0 1 0 0 0 1 0.11399999999999987921 0 0.012000000000000454747 0.99999999999999877875 3.7151112585592832253e-09 1.9030537312669819452e-08 4.6229679884560230412e-08 0 0 0 0 0 1 0 0 0 1 0 0 0 1 0.13033468868720987643 -0.12332136566292639657 0.19999999999999928946 0.99999999999999722444 5.6131591305575038232e-08 2.5718973889823987872e-08 4.2891855594595061084e-08 0 0 
2 0 0 0 1 0 0 0 1 0 0 0 1 0.087000000000000632383 0 0.012000000000000454747 0.99999999999999866773 3.1582214447822873075e-09 2.2146330352912387631e-08 4.4820078599905392607e-08 0 0 0 0 0 1 0 0 0 1 0 0 0 1 0.14507483619464078828 -0.13436119480212305177 0.19999999999999928946 0.99999999999999567013 7.9692107121665325248e-08 2.7427854345368885301e-08 4.1822532128449515391e-08 0 0 
2 0 0 0 1 0 0 0 1 0 0 0 1 0.026999999999999690914 0 0 0.99999999999999877875 2.5859356930085819262e-09 2.4050083285986933792e-08 4.382776556868118028e-08 0 0 0 0 0 1 0 0 0 1 0 0 0 1 0.1628983790026161671 -0.16133773326271416693 0.19999999999999928946 0.99999999999999378275 1.0121017522679639745e-07 2.9006805523507277381e-08 4.0745677748911081626e-08 0 0 
2 0 0 0 1 0 0 0 1 0 0 0 1 0 0 0 0.99999999999999866773 6.1479243328166426903e-09 1.9191424699416286084e-08 4.6163051639104617112e-08 0 0 0 0 0 1 0 0 0 1 0 0 0 1 0.17198845580668553623 -0.19999999999999928946 0.19869348140251297252 0.99999999999999411582 9.5911899131163061538e-08 3.3198901860237638244e-08 3.7406637548327101479e-08 0 0 
2 0 0 0 1 0 0 0 1 0 0 0 1 0 0 0 0.99999999999999866773 4.1810632300104457919e-09 1.9345414797866693315e-08 4.6098877270160713731e-08 0 0 0 0 0 1 0 0 0 1 0 0 0 1 0.18506818106008537939 -0.19999999999999928946 0.19293359699469014856 0.99999999999999444888 9.1939762775217720354e-08 2.4787413240024008998e-08 4.3441823343020701894e-08 0 0 
2 0 0 0 1 0 0 0 1 0 0 0 1 0 0 0 0.99999999999999877875 5.3119184398320381585e-09 2.1058822879949117104e-08 4.5341567483231430429e-08 0 0 0 0 0 1 0 0 0 1 0 0 0 1 0.20000000000000017764 -0.14442132681955932583 0.11964448461291787851 0.99999999999999467093 8.9423497939833872687e-08 2.501412765289214769e-08 4.331132958139092672e-08 0 0 
2 0 0 0 1 0 0 0 1 0 0 0 1 0.003000000000000557776 0.018000000000000682121 -0.012000000000000454747 0.99999999999999866773 3.5689361865126657512e-09 2.6920894263815534389e-08 4.2124355449993431048e-08 0 0 0 0 0 1 0 0 0 1 0 0 0 1 0.20000000000000017764 0.027439023511458771054 0.04863237775614059899 0.99999999999999245048 1.1184305773182053094e-07 1.5865351941923963351e-08 4.7437245910900507201e-08 0 0 
2 0 0 0 1 0 0 0 1 0 0 0 1 0 -0.024000000000000909495 -0.059999999999998721023 0.99999999999999877875 2.6082376623076697133e-09 2.8890184453067608586e-08 4.0797648735886646514e-08 0 0 0 0 0 1 0 0 0 1 0 0 0 1 0.092482649803849348302 0.19999999999999928946 -0.07523976533761000951 0.99999999999999589217 7.5172849431371131626e-08 -2.2160421778855227883e-09 4.9968893645665552733e-08 0 0 
2 0 0 0 1 0 0 0 1 0 0 0 1 0 0.018000000000000682121 -0.018000000000000682121 0.99999999999999877875 1.1283725637883949043e-09 2.713639975227003818e-08 4.1985685671208691976e-08 0 0 0 0 0 1 0 0 0 1 0 0 0 1 0.026934270878157029472 0.19999999999999928946 -0.11346119032037726981 0.99999999999999689138 6.0252009922989920746e-08 -1.7687502622265650247e-08 4.6785192498767648328e-08 0 0 
2 0 0 0 1 0 0 0 1 0 0 0 1 0 0 0 0.99999999999999866773 2.4902685885619424202e-09 2.8690807410414227177e-08 4.0938512827978832047e-08 0 0 0 0 0 1 0 0 0 1 0 0 0 1 0.020293485266839716985 0.19999999999999928946 -0.12705773586131918762 0.99999999999999689138 6.1087107566804207274e-08 -1.0202685781293716963e-08 4.8964623298227718629e-08 0 0 
2 0 0 0 1 0 0 0 1 0 0 0 1 0 0 0 0.99999999999999866773 2.7547555070395228247e-09 2.7076158412575638027e-08 4.2024888267239210653e-08 0 0 0 0 0 1 0 0 0 1 0 0 0 1 0.02937143191835733802 0.19999999999999928946 -0.12412537304657611514 0.9999999999999970024 5.8106999309415386859e-08 -1.0485316602817962075e-08 4.8904027793051654361e-08 0 0 
2 0 0 0 1 0 0 0 1 0 0 0 1 0.060000000000000053291 0 0.0060000000000002273737 0.99999999999999866773 4.7017944797972454745e-09 2.806897753115937009e-08 4.1367652888271763882e-08 0 0 0 0 0 1 0 0 0 1 0 0 0 1 0.038381050058658772173 0.19999999999999928946 -0.10779786960421589015 0.99999999999999678035 6.2881038292994729505e-08 -7.0771978138983958191e-09 4.9512826607364139888e-08 0 0 
2 0 0 0 1 0 0 0 1 0 0 0 1 0.17099999999999981881 0 0.023999999999999133138 0.99999999999999877875 3.928787776011360389e-09 2.560092286774121573e-08 4.2940205836374038699e-08 0 0 0 0 0 1 0 0 0 1 0 0 0 1 0.049312233201693977946 0.19999999999999928946 -0.059695464485978178004 0.99999999999999678035 6.2567077144249017823e-08 -5.4532775344007426891e-09 4.9718340291559663959e-08 0 0 
2 0 0 0 1 0 0 0 1 0 0 0 1 0.086999999999999744205 0 0.0060000000000002273737 0.99999999999999866773 4.0692436815981172409e-09 2.7164006474733640476e-08 4.1968143768382535001e-08 0 0 0 0 0 1 0 0 0 1 0 0 0 1 0.070022547453948646989 0.053930664666800964824 0.19999999999999928946 0.99999999999999722444 5.3003866851142486073e-08 -2.3955907067080354589e-09 4.9958275734601216434e-08 0 0 
2 0 0 0 1 0 0 0 1 0 0 0 1 0.03000000000000024869 0 0.0060000000000002273737 0.99999999999999877875 2.7531067738062501879e-09 2.6062568117546402793e-08 4.2661430337161192088e-08 0 0 0 0 0 1 0 0 0 1 0 0 0 1 0.020006037077894944787 -0.14998638444391865221 0.19999999999999928946 0.99999999999999766853 4.6357573946220866166e-08 -5.7611190679152242855e-09 4.9682762552887818384e-08 0 0 
2 0 0 0 1 0 0 0 1 0 0 0 1 0 0 0 0.99999999999999866773 6.1647043737150880045e-09 2.6146631845747095627e-08 4.2609751523155274415e-08 0 0 0 0 0 1 0 0 0 1 0 0 0 1 0.0068517996298194105975 -0.18304806064565504187 0.19999999999999928946 0.9999999999999980016 4.1483323290347848251e-08 -1.4383475474902291205e-08 4.7904694914450383577e-08 0 0 
2 0 0 0 1 0 0 0 1 0 0 0 1 0 0 0 0.99999999999999866773 3.950201266783586707e-09 2.7427960444526036968e-08 4.1796369580626766198e-08 0 0 0 0 0 1 0 0 0 1 0 0 0 1 0.0041970824690285013503 -0.19999999999999928946 0.1712094064760503187 0.99999999999999433786 9.4417718407569505021e-08 -8.3339508714225720858e-09 4.93208814926138287e-08 0 0 
2 0 0 0 1 0 0 0 1 0 0 0 1 0 0 0 0.99999999999999877875 4.5435776616781278385e-09 2.6177117723458246149e-08 4.2590991740365573164e-08 0 0 0 0 0 1 0 0 0 1 0 0 0 1 -7.4849019071621114563e-05 -0.19999999999999928946 0.15660833707868793141 0.99999999999999389377 9.8254019767485876583e-08 -1.245067682113806255e-08 4.8446395486002490551e-08 0 0 
2 0 0 0 1 0 0 0 1 0 0 0 1 0 0 0 0.99999999999999866773 5.7232791284001013405e-09 2.7539870287030013588e-08 4.1722448196855663398e-08 0 0 0 0 0 1 0 0 0 1 0 0 0 1 -0.0012266927995536747176 -0.19999999999999928946 0.14105246601225296388 0.99999999999999533706 8.1682634531233084493e-08 -4.7519618205649428917e-09 4.97915760818217852e-08 0 0 
2 0 0 0 1 0 0 0 1 0 0 0 1 0 0 0 0.99999999999999877875 5.5794914920887025484e-09 2.7399875840439272581e-08 4.1814822118735381555e-08 0 0 0 0 0 1 0 0 0 1 0 0 0 1 -0.0024785468567056767597 -0.19999999999999928946 0.11281682534501502602 0.99999999999999533706 8.2762672867775883508e-08 -6.4078830575020915529e-09 4.960570723546604401e-08 0 0 
2 0 0 0 1 0 0 0 1 0 0 0 1 0 0 0 0.99999999999999877875 5.5794948244924998998e-09 2.7399887858603514149e-08 4.181481410518028428e-08 0 0 0 0 0 1 0 0 0 1 0 0 0 1 -0.0025810015349740922375 -0.19999999999999928946 0.11087821992605029209 0.99999999999999422684 9.5730248020343134606e-08 -4.4629143731295374229e-09 4.9820117630286771315e-08 0 0 
2 0 0 0 1 0 0 0 1 0 0 0 1 0 0 0 0.99999999999999866773 5.5794948643911398473e-09 2.7399888302692723999e-08 4.1814814102578199066e-08 0 0 0 0 0 1 0 0 0 1 0 0 0 1 -0.0025614059048812976016 -0.19999999999999928946 0.1093615364541777879 0.99999999999999455991 9.1299820717539118537e-08 -3.9076452143516288793e-10 5.0017791445537280003e-08 0 0 
2 0 0 0 1 0 0 0 1 0 0 0 1 0 0 0 0.99999999999999877875 4.5791175885823212248e-09 3.1634523126045128464e-08 3.870860517014856637e-08 0 0 0 0 0 1 0 0 0 1 0 0 0 1 -0.0014456960897550885647 -0.19999999999999928946 0.088333660383235645952 0.9999999999999960032 7.2933457884172561437e-08 -1.7716898703321118474e-08 4.6774176727573160021e-08 0 0 
2 0 0 0 1 0 0 0 1 0 0 0 1 0 0 0 0.99999999999999877875 7.1956820189844709977e-10 3.258043310139240503e-08 3.7915972294147501569e-08 0 0 0 0 0 1 0 0 0 1 0 0 0 1 0.027202591856547719829 -0.19999999999999928946 0.028856318799109992312 0.99999999999999666933 6.4438903948915927361e-08 -1.2225016212882896808e-08 4.8499117758296787008e-08 0 0 
2 0 0 0 1 0 0 0 1 0 0 0 1 0 0 0 0.99999999999999866773 2.7557130796024324501e-09 3.1212627579768654499e-08 3.905033085262193691e-08 0 0 0 0 0 1 0 0 0 1 0 0 0 1 0.20000000000000017764 -0.1844390338215102787 0.11156853273140221461 0.99999999999999777955 4.6667275821477111472e-08 -1.3445719893381865375e-08 4.8171116217871868112e-08 0 0 
2 0 0 0 1 0 0 0 1 0 0 0 1 0 0 0 0.99999999999999877875 1.0945171748100183161e-09 3.1186083701562101481e-08 3.9071523044720332866e-08 0 0 0 0 0 1 0 0 0 1 0 0 0 1 0.20000000000000017764 0.021689572814274526991 0.12253971790887518978 0.99999999999999755751 4.6483486990101076461e-08 -1.3569535920257591369e-08 4.8136730784569100914e-08 0 0 
2 0 0 0 1 0 0 0 1 0 0 0 1 0 0 0 0.99999999999999866773 2.7556533201134085251e-09 3.1212661524837632413e-08 3.905030364955574838e-08 0 0 0 0 0 1 0 0 0 1 0 0 0 1 0.20000000000000017764 0.16658017352830256641 0.052647107464448339442 0.99999999999999822364 3.0841948731041899027e-08 -1.7857270795743096284e-08 4.6712456984541408918e-08 0 0 
2 0 0 0 1 0 0 0 1 0 0 0 1 0 0 0 0.99999999999999866773 7.1965242445792924974e-10 3.2580393091730155101e-08 3.7916006411821465342e-08 0 0 0 0 0 1 0 0 0 1 0 0 0 1 0.18666784444807671406 0.19999999999999928946 0.038966323611280273553 0.99999999999999855671 2.6227882948814990896e-08 -1.909868885957569298e-08 4.6217759688393301248e-08 0 0 
2 0 0 0 1 0 0 0 1 0 0 0 1 0 0.018000000000000682121 -0.017999999999998905764 0.99999999999999877875 1.9524183068886394156e-09 3.3791104192548761768e-08 3.6840858145398327176e-08 0 0 0 0 0 1 0 0 0 1 0 0 0 1 0.20000000000000017764 0.17554132146726431074 0.074396624241272135691 0.99999999999999844569 2.5890824581487099379e-08 -2.0542421975272595394e-08 4.5594285067070212186e-08 0 0 
2 0 0 0 1 0 0 0 1 0 0 0 1 0 0 0 0.99999999999999877875 7.3028333727465182056e-10 3.238143102268780296e-08 3.808644564919782836e-08 0 0 0 0 0 1 0 0 0 1 0 0 0 1 0.20000000000000017764 0.13715659429945148418 0.13423249449249308185 0.99999999999999833467 2.7293772894565520807e-08 -1.9742000392092321251e-08 4.5946902950747072231e-08 0 0 
2 0 0 0 1 0 0 0 1 0 0 0 1 0 0 0 0.99999999999999877875 5.1495023072056844265e-09 2.8717115893583984046e-08 4.0921058212968539274e-08 0 0 0 0 0 1 0 0 0 1 0 0 0 1 0.024101809602149693035 -0.19999999999999928946 0.17189378592000803536 0.99999999999999777955 4.0945608043019369678e-08 -1.7957002156066032853e-08 4.6677348087848758293e-08 0 0 
2 0 0 0 1 0 0 0 1 0 0 0 1 -0.0030000000000001136868 -0.086999999999999744205 0.07199999999999917577 0.99999999999999866773 4.3198034697933320907e-09 2.6095532748571273787e-08 4.2641294350533102846e-08 0 0 0 0 0 1 0 0 0 1 0 0 0 1 0.0012711145453199179656 -0.19999999999999928946 0.15513545153246788288 0.99999999999999689138 5.9577693001245009988e-08 -2.9128811810524935473e-08 4.0659739288136224343e-08 0 0 
2 0 0 0 1 0 0 0 1 0 0 0 1 0.0030000000000001136868 -0.024000000000000909495 -0.06000000000000049738 0.99999999999999866773 5.2880717599929146838e-09 2.7897923499109503512e-08 4.1483425970365081707e-08 0 0 0 0 0 1 0 0 0 1 0 0 0 1 -0.0028113989961449092903 -0.19999999999999928946 0.15335550600857583703 0.99999999999999689138 5.8895039775630671933e-08 -2.9280285411548238546e-08 4.055073338053728854e-08 1 0 
2 0 0 0 1 0 0 0 1 0 0 0 1 0.056999999999999939604 0 0.0060000000000002273737 0.99999999999999866773 7.1466492359423360766e-09 2.7175947159285876767e-08 4.1960557586699695691e-08 0 0 0 0 0 1 0 0 0 1 0 0 0 1 -0.0020379940948114239063 -0.19999999999999928946 0.14278143805234844166 0.99999999999999678035 6.0269797610979146467e-08 -2.832386817100417001e-08 4.1224820339531981405e-08 0 0 
2 0 0 0 1 0 0 0 1 0 0 0 1 0.11399999999999987921 0 0.012000000000000454747 0.99999999999999866773 7.2339315076303078341e-09 2.8376889033010535871e-08 4.1157461987129159912e-08 0 0 0 0 0 1 0 0 0 1 0 0 0 1 0.016411460559987212093 -0.19999999999999928946 0.11873721530931113932 0.99999999999999655831 6.5977283067453445594e-08 -2.6794757015599731028e-08 4.2236631880767663384e-08 0 0 
2 0 0 0 1 0 0 0 1 0 0 0 1 0.20000000000000017764 0 0.020869565217390473322 0.99999999999999866773 6.4593339912932895015e-09 2.8510165520079270055e-08 4.1065807257316453076e-08 0 0 0 0 0 1 0 0 0 1 0 0 0 1 0.079305582528182316793 -0.19999999999999928946 0.10214105768317960354 0.99999999999999744649 5.0767821543895718338e-08 -2.4851549630666780027e-08 4.3405509750696459701e-08 0 0 
2 0 0 0 1 0 0 0 1 0 0 0 1 0.20000000000000017764 0 0.016166564605022415435 0.99999999999999877875 5.6359856278470695851e-09 4.2614534970231214444e-08 2.6130030680859875661e-08 0 0 0 0 0 1 0 0 0 1 0 0 0 1 0.20000000000000017764 -0.14771746856072098808 0.072199522450334008283 0.99999999999999822364 3.0764075106826158294e-08 -2.3460456306800868401e-08 4.4165733134073150185e-08 0 0 
2 0 0 0 1 0 0 0 1 0 0 0 1 0.20000000000000017764 0 0.016060289289885787412 0.99999999999999877875 6.0588635913960769426e-09 4.5964652264918252782e-08 1.9643453953721605567e-08 0 0 0 0 0 1 0 0 0 1 0 0 0 1 0.20000000000000017764 -0.054255037434549180375 0.065496435952130838132 0.99999999999999811262 3.3166357452096905783e-08 -2.2741344160234812891e-08 4.4541676629157675433e-08 0 0 
2 0 0 0 1 0 0 0 1 0 0 0 1 0.20000000000000017764 0 0.0157768910596836065 0.99999999999999866773 9.4668018355004289976e-09 4.5452975133697452619e-08 2.0799079390211609832e-08 0 0 0 0 0 1 0 0 0 1 0 0 0 1 0.20000000000000017764 -0.018454223305766959129 0.067663510491863476659 0.99999999999999833467 2.6574041661620075553e-08 -2.4722972814805775624e-08 4.3470478402682445924e-08 0 0 
2 0 0 0 1 0 0 0 1 0 0 0 1 0.20000000000000017764 0.0041166380789015022401 0.02371413030120628207 0.99999999999999866773 8.3916021770269582434e-09 4.460802824346471867e-08 2.2553133997502169208e-08 0 0 0 0 0 1 0 0 0 1 0 0 0 1 0.20000000000000017764 0.0061308590435977805555 0.0596563719641016732 0.99999999999999855671 1.8948525457029882027e-08 -2.5072098067818777437e-08 4.3267347677768197128e-08 0 0 
2 0 0 0 1 0 0 0 1 0 0 0 1 0.20000000000000017764 0.0029917882053496214212 0.021788447638257935068 0.99999999999999866773 1.0007554937518938677e-08 4.4818131664237152605e-08 2.2130731348185580323e-08 0 0 0 0 0 1 0 0 0 1 0 0 0 1 0.20000000000000017764 0.03014487933299747624 0.042022182267943186673 0.99999999999999855671 2.0422331506453372587e-08 -2.4627122650194883405e-08 4.3522809577232407069e-08 0 0 
2 0 0 0 1 0 0 0 1 0 0 0 1 0.20000000000000017764 0.011922694643619280441 0.012304224941953378902 0.99999999999999866773 7.7826552268706149958e-09 4.5981664448246976789e-08 1.9602671896303018697e-08 0 0 0 0 0 1 0 0 0 1 0 0 0 1 0.20000000000000017764 0.064375143102926912775 -0.00023534980189054977018 0.99999999999999855671 2.0759690369520666711e-08 -2.5160850852454270402e-08 4.3216624111362050403e-08 0 0 
2 0 0 0 1 0 0 0 1 0 0 0 1 0.18399999999999883116 0.010968879072127180052 0.011319886946598245459 0.99999999999999866773 7.7827129948970884995e-09 4.5981704457909226718e-08 1.9602578038221989234e-08 0 0 0 0 0 1 0 0 0 1 0 0 0 1 0.20000000000000017764 0.083576207365199550736 -0.018096804929586873811 0.99999999999999866773 2.0670666303623823447e-08 -2.5432428539876072773e-08 4.3057321187645107457e-08 0 0 
2 0 0 0 1 0 0 0 1 0 0 0 1 0 0 0 0.99999999999999866773 9.3259465063638823611e-09 4.7055873045320832531e-08 1.6860892111322823685e-08 0 0 0 0 0 1 0 0 0 1 0 0 0 1 0.20000000000000017764 0.088641837347118723756 -0.025333419189469630339 0.99999999999999866773 1.9925415289945318344e-08 -2.4932522633275311155e-08 4.3348560853709365453e-08 0 0 
2 0 0 0 1 0 0 0 1 0 0 0 1 0 0 0 0.99999999999999866773 7.1742931300605816033e-09 4.7038892628248400612e-08 1.6908158461878565039e-08 0 0 0 0 0 1 0 0 0 1 0 0 0 1 0.20000000000000017764 0.094937329273314219336 -0.030579662461300394227 0.99999999999999855671 2.1010098189000492089e-08 -2.587358316659408937e-08 4.2793909202712487444e-08 0 0 
2 0 0 0 1 0 0 0 1 0 0 0 1 0 0.018000000000000682121 -0.017999999999997129407 0.99999999999999866773 7.1743571257443338637e-09 4.7038894071538332624e-08 1.690815349883470027e-08 0 0 0 0 0 1 0 0 0 1 0 0 0 1 0.19999999999999995559 0.094937329273314219336 -0.030579662461300394227 0.99999999999999844569 2.1088579216233005245e-08 -2.6145286005641072705e-08 4.2628400102363916529e-08 0 0 
2 0 0 0 1 0 0 0 1 0 0 0 1 0 0.015000000000000568434 -0.012000000000002231104 0.99999999999999866773 7.7283379747855695426e-09 4.7904701802603599342e-08 1.4273559468917802907e-08 0 0 0 0 0 1 0 0 0 1 0 0 0 1 0.19999999999999995559 0.094937329273314219336 -0.030579662461300394227 0.99999999999999844569 2.0638977388243195723e-08 -2.6785763558578910829e-08 4.2228716743905669434e-08 0 0 
2 0 0 0 1 0 0 0 1 0 0 0 1 0 0.018000000000000682121 -0.011999999999998678391 0.99999999999999877875 5.8393920133320639304e-09 4.7901078367718130218e-08 1.4285654001758316546e-08 0 0 0 0 0 1 0 0 0 1 0 0 0 1 0.19999999999999995559 0.091025872886078218471 -0.024890271352592918674 0.99999999999999855671 2.0495656505303860631e-08 -2.7271371605408532827e-08 4.1916653178378987082e-08 0 0 
2 0 0 0 1 0 0 0 1 0 0 0 1 0 0 0 0.99999999999999866773 5.9599436878776750899e-09 4.8288315887545851362e-08 1.2914547256256975084e-08 0 0 0 0 0 1 0 0 0 1 0 0 0 1 0.19999999999999995559 0.064401357922974966641 -0.0047201842593320719743 0.99999999999999855671 2.0952924548178797129e-08 -2.6081612709838481748e-08 4.2667383736826807855e-08 0 0 
2 0 0 0 1 0 0 0 1 0 0 0 1 0 0 0 0.99999999999999877875 5.1249889956861482526e-09 4.8265129531932581935e-08 1.3003665508097578153e-08 0 0 0 0 0 1 0 0 0 1 0 0 0 1 0.19999999999999995559 0.0034093097782559311781 0.034134191169661320941 0.99999999999999844569 1.9852341312520701358e-08 -2.5481025902121574326e-08 4.3028283552935181038e-08 0 0 
2 0 0 0 1 0 0 0 1 0 0 0 1 0 0.012000000000000454747 0.029999999999999360512 0.99999999999999877875 3.9638634648925302421e-09 4.851332122135516523e-08 1.2045927783900528431e-08 0 0 0 0 0 1 0 0 0 1 0 0 0 1 0.19999999999999995559 -0.1156691395895474983 0.091639044418857729113 0.99999999999999855671 2.0363970884562687449e-08 -2.8292037001359558727e-08 4.1234437044967358737e-08 0 0 
2 0 0 0 1 0 0 0 1 0 0 0 1 0 0 0 0.99999999999999866773 5.5309801218206352597e-09 4.8592836129901572756e-08 1.1714922581486390442e-08 0 0 0 0 0 1 0 0 0 1 0 0 0 1 0.069688651631497844363 -0.19999999999999928946 0.15187024667592474714 0.99999999999999833467 2.9832348091840596642e-08 -2.7928072368621542302e-08 4.1486267470837518495e-08 0 0 
2 0 0 0 1 0 0 0 1 0 0 0 1 0 0 0 0.99999999999999866773 6.8777694407773461945e-09 4.7411186129831039531e-08 1.5832608610440188503e-08 0 0 0 0 0 1 0 0 0 1 0 0 0 1 0.019087850628965674638 -0.19999999999999928946 0.13746850670049681753 0.99999999999999833467 2.8446992039743484674e-08 -2.9889668958643697753e-08 4.0095045554522441084e-08 0 0 
2 0 0 0 1 0 0 0 1 0 0 0 1 0 0 0 0.99999999999999866773 7.8879727576086732695e-09 4.7430642302615022126e-08 1.5776757593052879038e-08 0 0 0 0 0 1 0 0 0 1 0 0 0 1 -0.032789123988051005476 -0.19999999999999928946 0.09602340536407538707 0.99999999999999833467 2.6939354635935377184e-08 -3.0663533523087091663e-08 3.9505805142416795045e-08 0 0 
2 0 0 0 1 0 0 0 1 0 0 0 1 0 0 0 0.99999999999999877875 5.8824806640350798598e-09 4.7423381402400610179e-08 1.579848968140397978e-08 0 0 0 0 0 1 0 0 0 1 0 0 0 1 -0.071676451944437946651 -0.19999999999999928946 0.078052618862728628812 0.9999999999999980016 3.5420306826461429101e-08 -3.2608441460912973136e-08 3.7920864699204987552e-08 0 0 
2 0 0 0 1 0 0 0 1 0 0 0 1 -0.1440000000000001279 -0.018000000000000682121 0.0060000000000002273737 0.99999999999999877875 3.0916688601584404742e-09 4.9217138753388022914e-08 8.7331324394313130442e-09 0 0 0 0 0 1 0 0 0 1 0 0 0 1 -0.093875693527829762175 -0.19999999999999928946 0.07429565199214938076 0.9999999999999980016 3.7237674471724064379e-08 -3.4465533257227520375e-08 3.6240834224658058999e-08 0 0 
2 0 0 0 1 0 0 0 1 0 0 0 1 -0.20000000000000017764 -0.0076190476190483025221 -0.034285714285713808636 0.99999999999999866773 5.565879420549320839e-09 4.8050490836226766428e-08 1.3766552326918719985e-08 0 0 0 0 0 1 0 0 0 1 0 0 0 1 -0.10732380673787034198 -0.19999999999999928946 0.071305553629525064707 0.99999999999999766853 4.6320186269932618703e-08 -3.2586683327423617313e-08 3.7945414864057428968e-08 0 0 
2 0 0 0 1 0 0 0 1 0 0 0 1 -0.20000000000000017764 -0.007454212454213404726 -0.012197802197801976831 0.99999999999999877875 5.0456136491128300131e-09 4.8358311188767610483e-08 1.263268620266268505e-08 0 0 0 0 0 1 0 0 0 1 0 0 0 1 -0.11049427935073019569 -0.19999999999999928946 0.066411796799331845875 0.99999999999999711342 5.4281340533535330563e-08 -3.4590419993596565503e-08 3.6134938692297774851e-08 0 0 
2 0 0 0 1 0 0 0 1 0 0 0 1 -0.20000000000000017764 -0.010805034564430826549 -0.032937288275634912793 0.99999999999999855671 1.7957141554975102162e-08 4.7203717323807198941e-08 1.6398898322611570146e-08 0 0 0 0 0 1 0 0 0 1 0 0 0 1 -0.11273912345256720258 -0.19999999999999928946 0.064411415387160886326 0.99999999999999711342 5.7854280935410061794e-08 -3.2830054860419436931e-08 3.7745601672890922015e-08 0 0 
2 0 0 0 1 0 0 0 1 0 0 0 1 -0.20000000000000017764 -0.021152852296321356107 -0.064729772320013978515 0.99999999999999855671 2.0027448501686059081e-08 3.6204526349115144384e-08 3.4447291473276073419e-08 0 0 0 0 0 1 0 0 0 1 0 0 0 1 -0.11520583909315185167 -0.19999999999999928946 0.05728576331136014943 0.9999999999999970024 5.8069998795651401805e-08 -3.3508963900516603304e-08 3.7142978693161772616e-08 0 0 
2 0 0 0 1 0 0 0 1 0 0 0 1 -0.20000000000000017764 -0.024801468401207671377 -0.079833410868634047119 0.99999999999999777955 4.2688337217530828934e-08 2.7219365220099216045e-08 4.1907717659821301311e-08 0 0 0 0 0 1 0 0 0 1 0 0 0 1 -0.11660456711075939396 -0.19999999999999928946 0.055297397129490555301 0.99999999999999711342 5.7447480480976752539e-08 -3.3053169978814004811e-08 3.7549408772857251612e-08 0 0 
2 0 0 0 1 0 0 0 1 0 0 0 1 -0.20000000000000017764 -0.034813662032732395346 -0.10811429036764508282 0.99999999999999733546 5.336565622390834781e-08 2.5438303380420701055e-08 4.3015340094564148785e-08 0 0 0 0 0 1 0 0 0 1 0 0 0 1 -0.12055355495047903602 -0.19999999999999928946 0.039533245539587369421 0.99999999999999711342 5.8557615867371909348e-08 -3.270197438537412565e-08 3.7856085876274260613e-08 0 0 
2 0 0 0 1 0 0 0 1 0 0 0 1 -0.20000000000000017764 -0.073240458813998543519 -0.17771537884733845658 0.99999999999999744649 5.1386890829313719619e-08 3.7098263683255183095e-08 3.3467891237017130519e-08 0 0 0 0 0 1 0 0 0 1 0 0 0 1 -0.16490110923816203581 -0.19999999999999928946 -0.16015611014153918745 0.99999999999999644729 6.7563812530813354781e-08 -2.6562970533231074407e-08 4.2396099366425063038e-08 0 0 
2 0 0 0 1 0 0 0 1 0 0 0 1 -0.1149999999999988809 -0.096113263818047300902 -0.060186342837216244561 0.99999999999999666933 6.3469933773985454922e-08 3.3784575081963309859e-08 3.6805522043298470046e-08 0 0 0 0 0 1 0 0 0 1 0 0 0 1 0.011223332482979797575 -0.039570432189197646267 -0.20000000000000017764 0.99999999999999744649 4.9687020400868274993e-08 -1.8983436524122648485e-08 4.6279703338689263391e-08 0 0 
2 0 0 0 1 0 0 0 1 0 0 0 1 0.20000000000000017764 -0.12105263157894441406 0.12105263157894796677 0.99999999999999689138 6.0076855656898871964e-08 4.2494487928479562033e-08 2.6270479351782421446e-08 0 0 0 0 0 1 0 0 0 1 0 0 0 1 0.16186100088535981811 -0.022479017351722418994 -0.20000000000000017764 0.99999999999999777955 4.2274532485731079408e-08 -2.3554568307979137569e-08 4.4124798917986973076e-08 0 0 
2 0 0 0 1 0 0 0 1 0 0 0 1 0.20000000000000017764 -0.14835314091681084392 0.13867572156196850131 0.99999999999999722444 5.48226963496130571e-08 3.9216561595334488519e-08 3.0965598640797601878e-08 0 0 0 0 0 1 0 0 0 1 0 0 0 1 0.19999999999999995559 -0.020057902397075721979 -0.152048072133231571 0.99999999999999766853 4.441740189542475222e-08 -2.3085978814382846673e-08 4.4374054109126809661e-08 0 0 
2 0 0 0 1 0 0 0 1 0 0 0 1 0.20000000000000017764 -0.068853958488652722281 0.072424961940621201961 0.99999999999999789058 4.1514989623098278944e-08 2.6853876275434511327e-08 4.2157496374026308057e-08 0 0 0 0 0 1 0 0 0 1 0 0 0 1 0.19999999999999995559 -0.069712214579741527132 -0.13498100854933436921 0.9999999999999980016 4.0920492050400349455e-08 -2.9451786103668113497e-08 4.0425596692199385369e-08 0 0 
2 0 0 0 1 0 0 0 1 0 0 0 1 0.20000000000000017764 -0.037377863179553827422 0.046935455529670377928 0.99999999999999833467 2.6301280606558276846e-08 4.5253653713217624783e-08 2.1212197748310438231e-08 0 0 0 0 0 1 0 0 0 1 0 0 0 1 0.19999999999999995559 -0.1152179668965604975 -0.12093485337218456976 0.99999999999999777955 4.3552674966473958092e-08 -2.7218802491416120453e-08 4.196388421777103966e-08 0 0 
2 0 0 0 1 0 0 0 1 0 0 0 1 0.20000000000000017764 -0.029545002145603405097 0.039305599039996863553 0.99999999999999844569 2.4219525222163343672e-08 4.6146913595945877124e-08 1.9199304804838642571e-08 0 0 0 0 0 1 0 0 0 1 0 0 0 1 0.19999999999999995559 -0.16174015929584761864 -0.12325147579571371637 0.99999999999999766853 4.6955255975089761708e-08 -2.7119633774774842388e-08 4.2031445396644684784e-08 0 0 
2 0 0 0 1 0 0 0 1 0 0 0 1 0.20000000000000017764 -0.069661281215367409914 0.07418931997022859548 0.99999999999999833467 2.7370617427038884343e-08 4.4600963339247536338e-08 2.256077633391865929e-08 0 0 0 0 0 1 0 0 0 1 0 0 0 1 0.16111154985142184248 -0.19999999999999928946 -0.11130245921515058427 0.99999999999999766853 4.5979107105020956911e-08 -2.8800921109822866334e-08 4.089790348396636844e-08 0 0 
2 0 0 0 1 0 0 0 1 0 0 0 1 0.14099999999999912603 -0.10415612247506800259 0.095416310378565682981 0.99999999999999844569 2.273487743377492796e-08 4.68782858087380578e-08 1.7338268730460208824e-08 0 0 0 0 0 1 0 0 0 1 0 0 0 1 0.059786664721685256474 -0.19999999999999928946 -0.084220751143113226078 0.9999999999999980016 3.8617732428525365946e-08 -3.4215941335444321597e-08 3.6482935861573213071e-08 0 0 
2 0 0 0 1 0 0 0 1 0 0 0 1 0 -0.018000000000000682121 0.011999999999998678391 0.99999999999999844569 2.421969025334650725e-08 4.6146814314251900019e-08 1.9199542572109792118e-08 0 0 0 0 0 1 0 0 0 1 0 0 0 1 -0.01153188087847978327 -0.19999999999999928946 0.0021849938707552141182 0.99999999999999777955 4.4853291622515378164e-08 -3.4891584631963147884e-08 3.5839805727789438323e-08 0 0 
2 0 0 0 1 0 0 0 1 0 0 0 1 0 -0.10800000000000054001 0.012000000000002231104 0.99999999999999844569 2.4286018002195356205e-08 4.711325188311306707e-08 1.6688899444686238029e-08 0 0 0 0 0 1 0 0 0 1 0 0 0 1 0.039134661093536693421 -0.19999999999999928946 0.1295485370108737655 0.99999999999999755751 4.9286013784066836961e-08 -3.5345800954503323028e-08 3.5396998949565552912e-08 0 0 
2 0 0 0 1 0 0 0 1 0 0 0 1 0.1440000000000001279 -0.1769999999999996021 0.14399999999999835154 0.99999999999999844569 2.5784839836201540478e-08 4.8003467936763650276e-08 1.3924817413718559158e-08 0 0 0 0 0 1 0 0 0 1 0 0 0 1 0.10619363976272033767 -0.20000000000000106581 0.19438750788510628098 0.99999999999999722444 5.657313523199663964e-08 -3.2381140829471170502e-08 3.8134284760342586438e-08 0 0 
2 0 0 0 1 0 0 0 1 0 0 0 1 0.056999999999999939604 -0.053999999999998493649 0.048000000000000042633 0.99999999999999855671 1.9305604679123485681e-08 4.8457810486457548255e-08 1.2257948552897599416e-08 0 0 0 0 0 1 0 0 0 1 0 0 0 1 0.18025767720889451784 -0.18748189968358275337 0.20000000000000017764 0.99999999999999722444 5.5961675529681168596e-08 -2.9216113656832603535e-08 4.061439058894803754e-08 0 0 
2 0 0 0 1 0 0 0 1 0 0 0 1 0.056999999999999939604 -0.05700000000000216005 -0.029999999999999360512 0.99999999999999844569 2.1221388200529134107e-08 4.8327484028498696805e-08 1.2762082825419649314e-08 0 0 0 0 0 1 0 0 0 1 0 0 0 1 0.2000000000000000111 -0.1260323227203166141 0.12708077106759585462 0.99999999999999755751 4.973010710174209069e-08 -3.2724950129944886974e-08 3.7841070621609610932e-08 0 0 
2 0 0 0 1 0 0 0 1 0 0 0 1 0.11699999999999999289 -0.0090000000000003410605 -0.024000000000000909495 0.99999999999999855671 1.8374672613313854732e-08 4.9092845108567119722e-08 9.4050171929940955662e-09 0 0 0 0 0 1 0 0 0 1 0 0 0 1 0.2000000000000000111 -0.095038529620765643813 0.085692080487027588731 0.99999999999999755751 4.7583553264285546645e-08 -3.4493671254368171704e-08 3.6234684772616740351e-08 0 0 
2 0 0 0 1 0 0 0 1 0 0 0 1 0.11399999999999987921 0 0.0060000000000002273737 0.99999999999999855671 1.8161638656519237614e-08 4.8589145998367905893e-08 1.1735945797640441758e-08 0 0 0 0 0 1 0 0 0 1 0 0 0 1 0.2000000000000000111 -0.084766624838678694687 0.074037662198683129589 0.99999999999999744649 4.8863001284038664284e-08 -3.4359778404435918294e-08 3.6362678034872991003e-08 0 0 
2 0 0 0 1 0 0 0 1 0 0 0 1 0 -0.023999999999997356781 -0.066000000000000724754 0.99999999999999855671 1.8559710516716262176e-08 4.9244615135668547452e-08 8.5788404834835762191e-09 0 0 0 0 0 1 0 0 0 1 0 0 0 1 0.2000000000000000111 -0.0843860397600515455 0.081423003834185436745 0.99999999999999766853 4.8804436172944617765e-08 -3.4143069951170310057e-08 3.6567002783833515973e-08 0 0 
2 0 0 0 1 0 0 0 1 0 0 0 1 0.0030000000000001136868 -0.033000000000001250555 -0.089999999999999857891 0.99999999999999844569 2.3953945165952653421e-08 4.9446230540595239062e-08 7.3235680957128961652e-09 0 0 0 0 0 1 0 0 0 1 0 0 0 1 0.20000000000000006661 -0.088060637502511696084 0.10258107855965192812 0.99999999999999766853 4.8653143791543959394e-08 -3.4482196225108038818e-08 3.6248126132620936397e-08 0 0 
2 0 0 0 1 0 0 0 1 0 0 0 1 0.026999999999999912959 0 0 0.99999999999999844569 2.041640974163875222e-08 4.9605972982091985386e-08 6.1529516186958998388e-09 0 0 0 0 0 1 0 0 0 1 0 0 0 1 0.1695991044268991832 -0.085454400915359940427 0.20000000000000017764 0.99999999999999744649 5.1292290373372712209e-08 -3.6078966765551544923e-08 3.4663767394666015694e-08 0 0 
2 0 0 0 1 0 0 0 1 0 0 0 1 0 0 0 0.99999999999999855671 1.8964967145318508492e-08 4.9541693109000996571e-08 6.6556438823792248691e-09 0 0 0 0 0 1 0 0 0 1 0 0 0 1 0.12604945406148448939 -0.064153317015659183653 0.20000000000000017764 0.99999999999999733546 5.2206134831811607155e-08 -3.5050612348305846762e-08 3.5705946122531566019e-08 0 0 
2 0 0 0 1 0 0 0 1 0 0 0 1 0 0 0 0.99999999999999844569 2.3102675283243093476e-08 4.920567073241074621e-08 8.7990173220503641548e-09 0 0 0 0 0 1 0 0 0 1 0 0 0 1 0.10610045975493953563 -0.061145795429517590946 0.20000000000000017764 0.99999999999999744649 4.9829650058952478463e-08 -3.5960731505427316275e-08 3.4785589768469247714e-08 0 0 
2 0 0 0 1 0 0 0 1 0 0 0 1 0 0 0 0.99999999999999855671 1.9575957188600086958e-08 4.9142888647324491386e-08 9.1463868683722287079e-09 0 0 0 0 0 1 0 0 0 1 0 0 0 1 0.087856985038816892697 -0.05718299090192147105 0.20000000000000017764 0.99999999999999766853 4.7687410090202616884e-08 -3.8528456224040756258e-08 3.1914875760815582557e-08 0 0 
2 0 0 0 1 0 0 0 1 0 0 0 1 0.030000000000000026645 0 0 0.99999999999999844569 2.2147004501149625047e-08 4.9619638745057672053e-08 6.0437003405328184554e-09 0 0 0 0 0 1 0 0 0 1 0 0 0 1 0.08315796849848688943 -0.060707290843701855465 0.20000000000000017764 0.99999999999999755751 4.8282375403330254669e-08 -3.7679045385499802475e-08 3.2914559789949056651e-08 0 0 
2 0 0 0 1 0 0 0 1 0 0 0 1 0 0 0 0.99999999999999855671 2.0142565563402466757e-08 4.9613415972760223666e-08 6.0940775273299421185e-09 0 0 0 0 0 1 0 0 0 1 0 0 0 1 0.077918515067866511714 -0.058296216432623282344 0.20000000000000017764 0.99999999999999755751 4.9004547794662242409e-08 -3.6267909953036167587e-08 3.4464836426613495986e-08 0 0 
2 0 0 0 1 0 0 0 1 0 0 0 1 0 0 0 0.99999999999999844569 2.1620004809000425763e-08 4.9406234214899393293e-08 7.5955436289534943648e-09 0 0 0 0 0 1 0 0 0 1 0 0 0 1 0.076227580871621514191 -0.05784491120063961489 0.20000000000000017764 0.99999999999999755751 4.8890288789627097997e-08 -3.6663986067650515207e-08 3.4042139481025526766e-08 0 0 
2 0 0 0 1 0 0 0 1 0 0 0 1 0 0 0 0.99999999999999844569 2.4046500200769519198e-08 4.9622916817315755906e-08 6.0174958739847663698e-09 0 0 0 0 0 1 0 0 0 1 0 0 0 1 0.085080774550738480499 -0.053765726235155852919 0.20000000000000017764 0.99999999999999744649 5.1183042706903908636e-08 -3.6344496377738277245e-08 3.4386371018831167142e-08 0 0 
2 0 0 0 1 0 0 0 1 0 0 0 1 0 0 0 0.99999999999999844569 2.4064137965282320389e-08 4.9007720395732947167e-08 9.8411810419557637209e-09 0 0 0 0 0 1 0 0 0 1 0 0 0 1 0.10400703511006237356 -0.047144604850185345413 0.20000000000000017764 0.99999999999999766853 4.6911756090839530717e-08 -3.6004912549667064654e-08 3.4734698480757500423e-08 0 0 
2 0 0 0 1 0 0 0 1 0 0 0 1 0.0030000000000001136868 -0.041999999999998038902 -0.1199999999999992184 0.99999999999999844569 2.437093347615330339e-08 4.9736625706842198553e-08 4.990970888310582671e-09 0 0 0 0 0 1 0 0 0 1 0 0 0 1 0.15105773882136830366 -0.039954125054649125559 0.20000000000000017764 0.99999999999999766853 4.4962956941008271148e-08 -3.5244980248552801301e-08 3.5501142988444370203e-08 0 0 
2 0 0 0 1 0 0 0 1 0 0 0 1 0 -0.045000000000001705303 -0.12599999999999944578 0.99999999999999844569 2.589944797688763041e-08 4.9746341476697510415e-08 4.889329954793638306e-09 0 0 0 0 0 1 0 0 0 1 0 0 0 1 0.1920094187797805052 -0.014885458594775968777 0.20000000000000017764 0.99999999999999766853 4.2708266090318964112e-08 -3.6317932081836398746e-08 3.4401527048474270216e-08 0 0 
2 0 0 0 1 0 0 0 1 0 0 0 1 0.0029999999999998916422 -0.041999999999998038902 -0.12000000000000099476 0.99999999999999833467 2.8071406000043702348e-08 4.9846466732006519658e-08 3.7339310827305749024e-09 0 0 0 0 0 1 0 0 0 1 0 0 0 1 0.19833148018849633409 -0.010734224813965909107 0.20000000000000017764 0.99999999999999789058 3.9709629209849858762e-08 -3.8187917213855590555e-08 3.2308832715547620224e-08 0 0 
2 0 0 0 1 0 0 0 1 0 0 0 1 0 -0.054000000000002046363 -0.15599999999999880629 0.99999999999999822364 3.1789594763867505427e-08 4.9740929333741498704e-08 4.9453378744499045756e-09 0 0 0 0 0 1 0 0 0 1 0 0 0 1 0.19833148018849655614 -0.010734224813965909107 0.20000000000000017764 0.99999999999999789058 3.9462695985981263698e-08 -3.8483664636934730703e-08 3.1955585437330808546e-08 0 0 
2 0 0 0 1 0 0 0 1 0 0 0 1 0.0030000000000001136868 -0.054000000000002046363 -0.15599999999999880629 0.99999999999999811262 3.5572460487659569101e-08 4.9599063495220462768e-08 6.2095030775241712727e-09 0 0 0 0 0 1 0 0 0 1 0 0 0 1 0.19261021748756679273 -0.010734224813965909107 0.20000000000000017764 0.99999999999999789058 4.0498549569445522696e-08 -3.8252397421487202551e-08 3.2233144212773307619e-08 0 0 
2 0 0 0 1 0 0 0 1 0 0 0 1 0 -0.065999999999998948397 -0.18600000000000171951 0.99999999999999811262 3.401632596954091659e-08 4.9955771255771985081e-08 1.7458376046913839003e-09 0 0 0 0 0 1 0 0 0 1 0 0 0 1 0.18737135852244790613 -0.02602681515291394021 0.19999999999999995559 0.99999999999999789058 3.9122084377618634983e-08 -4.0257895340262232427e-08 2.9688196504472418985e-08 0 0 
2 0 0 0 1 0 0 0 1 0 0 0 1 0.0030000000000001136868 -0.021000000000000795808 -0.065999999999998948397 0.99999999999999789058 3.9942338514800754241e-08 4.9981745520177979589e-08 -6.7738384779830895453e-10 0 0 0 0 0 1 0 0 0 1 0 0 0 1 0.14183945155029276108 -0.029738790563264672073 0.19999999999999995559 0.99999999999999789058 3.8084207301669700791e-08 -4.1022046553054839986e-08 2.8622452532666633056e-08 0 0 
2 0 0 0 1 0 0 0 1 0 0 0 1 0 -0.020999999999997243094 -0.06000000000000049738 0.99999999999999789058 3.9022244097478095399e-08 4.9971685178729187502e-08 -1.209327330116419154e-09 0 0 0 0 0 1 0 0 0 1 0 0 0 1 0.031878669039063556312 -0.035568956755916758539 0.19999999999999995559 0.99999999999999811262 3.6199793371216665922e-08 -4.2082373034185802092e-08 2.7036453443228578224e-08 0 0 
2 0 0 0 1 0 0 0 1 0 0 0 1 0 -0.024000000000000909495 -0.06000000000000049738 0.99999999999999811262 3.4834574454134587601e-08 4.998510713671865325e-08 3.5286488227898110895e-10 0 0 0 0 0 1 0 0 0 1 0 0 0 1 -0.14085666111012162816 -0.051825046895004334147 0.19999999999999995559 0.99999999999999811262 3.615441686311012322e-08 -4.2319029341583799793e-08 2.6665418330872101209e-08 0 0 
2 0 0 0 1 0 0 0 1 0 0 0 1 0 -0.0090000000000003410605 -0.035999999999999587885 0.99999999999999822364 3.2853203341815022269e-08 4.9904865698224917787e-08 -2.8562703886098100518e-09 0 0 0 0 0 1 0 0 0 1 0 0 0 1 -0.20000000000000017764 -0.033912242771776845984 0.089912593062908996444 0.9999999999999980016 3.4216137576037541473e-08 -4.2868399035417367722e-08 2.5770564592020370402e-08 0 0 
2 0 0 0 1 0 0 0 1 0 0 0 1 0 0 0 0.99999999999999811262 3.4790596474890206974e-08 4.9903872367807011087e-08 -2.8757923481795346803e-09 0 0 0 0 0 1 0 0 0 1 0 0 0 1 -0.20000000000000017764 -0.072789726147842515047 0.14731089085549653461 0.99999999999999789058 3.6168839159800371703e-08 -4.2428444181619266392e-08 2.6490090861749281008e-08 0 0 
2 0 0 0 1 0 0 0 1 0 0 0 1 0 0 0 0.99999999999999822364 3.2620203312822064361e-08 4.9947737348898876826e-08 -1.9871323865897109781e-09 0 0 0 0 0 1 0 0 0 1 0 0 0 1 -0.049293484944667120828 -0.16984823701766060822 0.19999999999999995559 0.9999999999999980016 3.5516132035340392609e-08 -4.3166572054678750676e-08 2.5265939135148179577e-08 0 0 
2 0 0 0 1 0 0 0 1 0 0 0 1 0 -0.018000000000000682121 0.018000000000000682121 0.99999999999999811262 3.4994925700304674937e-08 4.9848539823704839832e-08 -3.7207563870211920526e-09 0 0 0 0 0 1 0 0 0 1 0 0 0 1 0.021423895355616728864 -0.0012133208747115986625 0.082624103979025198541 0.99999999999999755751 4.8876845598622273057e-08 -4.2237930075392332982e-08 2.6815183824715410182e-08 0 0 
2 0 0 0 1 0 0 0 1 0 0 0 1 0 0 0 0.99999999999999789058 3.9791846005721251396e-08 4.9981318070435711096e-08 6.9073922796814168577e-10 0 0 0 0 0 1 0 0 0 1 0 0 0 1 0.053999999999999825917 0.030000000000001136868 0.096000000000000085265 0.99999999999999744649 5.086594180581118697e-08 -4.2367525326589385113e-08 2.6615514490263628239e-08 1 0 
2 0 0 0 1 0 0 0 1 0 0 0 1 0 0 0 0.99999999999999789058 4.0589372436034091781e-08 4.9939797422404842795e-08 -2.1593403324096699051e-09 0 0 0 0 0 1 0 0 0 1 0 0 0 1 0.0042553191489362873767 0.12553191489361736899 0.19999999999999995559 0.99999999999999789058 4.2961763840887549566e-08 -4.3186242665305222762e-08 2.524912315121299951e-08 0 0 
2 0 0 0 1 0 0 0 1 0 0 0 1 0 0 0 0.9999999999999980016 3.7561166676969365913e-08 4.9956015296670585498e-08 1.7127894267818279578e-09 0 0 0 0 0 1 0 0 0 1 0 0 0 1 0.0017446808510639399969 0.084468085106383483662 0.045999999999999596767 0.99999999999999777955 4.6370720305222263144e-08 -4.2860217121937308978e-08 2.5806092469968983831e-08 0 0 
2 0 0 0 1 0 0 0 1 0 0 0 1 0 0 0 0.99999999999999811262 3.6817858208373983114e-08 4.9861002479612103641e-08 3.5283660038826284799e-09 0 0 0 0 0 1 0 0 0 1 0 0 0 1 0 0 0 0.99999999999999789058 3.9343537427960570392e-08 -4.329641046380016057e-08 2.5052177500886675014e-08 0 0 
2 0 0 0 1 0 0 0 1 0 0 0 1 0 0 0 0.9999999999999980016 3.8376797746597714506e-08 4.9972895821426376769e-08 -1.1322550457978942095e-09 0 0 0 0 0 1 0 0 0 1 0 0 0 1 -0.054000000000000270006 0 0 0.9999999999999980016 3.904553781686200989e-08 -4.3397877623127609199e-08 2.487569076723918882e-08 0 0 
2 0 0 0 1 0 0 0 1 0 0 0 1 0 -0.029999999999997584155 -0.018000000000000682121 0.99999999999999789058 4.0387233266048298493e-08 4.9984785380208342307e-08 3.672452428965530758e-10 0 0 0 0 0 1 0 0 0 1 0 0 0 1 -0.08099999999999996092 0 0.0060000000000002273737 0.9999999999999980016 3.9380471703043342131e-08 -4.3655828878969102342e-08 2.4419741666281740926e-08 0 0 
2 0 0 0 1 0 0 0 1 0 0 0 1 0 -0.033000000000001250555 0.023999999999999133138 0.99999999999999789058 4.0172938607641125992e-08 4.9922312964079231055e-08 2.5004070107817520295e-09 0 0 0 0 0 1 0 0 0 1 0 0 0 1 -0.16199999999999992184 0 0.012000000000000454747 0.9999999999999980016 3.8801838284086089287e-08 -4.4000031260843594489e-08 2.3792975249736827118e-08 0 0 
2 0 0 0 1 0 0 0 1 0 0 0 1 0 -0.011999999999996902034 -0.029999999999999360512 0.99999999999999789058 4.0034417335063718342e-08 4.9904606877482328517e-08 2.8493510589172661306e-09 0 0 0 0 0 1 0 0 0 1 0 0 0 1 -0.053999999999999825917 0 0 0.9999999999999980016 3.8079619943398663257e-08 -4.4037532124369202486e-08 2.3723090757012862099e-08 0 0 
2 0 0 0 1 0 0 0 1 0 0 0 1 0 0 0 0.9999999999999980016 3.8088310175960006815e-08 4.9951824482308381689e-08 1.8569007598917590149e-09 0 0 0 0 0 1 0 0 0 1 0 0 0 1 -0.053999999999999825917 0 0.0059999999999993391953 0.99999999999999789058 4.0303050799495125308e-08 -4.4056639581305333982e-08 2.3692737418680495857e-08 0 0 
2 0 0 0 1 0 0 0 1 0 0 0 1 0 0 0 0.99999999999999789058 4.0888743436246026082e-08 4.9975151114600825739e-08 1.0199266587546130235e-09 0 0 0 0 0 1 0 0 0 1 0 0 0 1 0 0.065999999999998948397 -0.07199999999999917577 0.99999999999999789058 4.0110712598573436389e-08 -4.3865130406467544474e-08 2.4044872836293721056e-08 0 0 
2 0 0 0 1 0 0 0 1 0 0 0 1 0 -0.018000000000004234835 0.017999999999998905764 0.99999999999999789058 4.0888645903153312762e-08 4.9975150087644527961e-08 1.0199860418086426616e-09 0 0 0 0 0 1 0 0 0 1 0 0 0 1 -0.054000000000000047962 0.050999999999998379963 -0.054000000000000270006 0.9999999999999980016 3.9290412284787103487e-08 -4.3964927635975567506e-08 2.386046438988131038e-08 0 0 
2 0 0 0 1 0 0 0 1 0 0 0 1 0 0 0 0.99999999999999811262 3.5855526195685622565e-08 4.9869764887078382073e-08 -3.4180328524133289181e-09 0 0 0 0 0 1 0 0 0 1 0 0 0 1 -0.18900000000000005684 0.033000000000001250555 -0.024000000000000021316 0.9999999999999980016 3.7568166230683781098e-08 -4.3688885498910454126e-08 2.4359413697099035704e-08 0 0 
2 0 0 0 1 0 0 0 1 0 0 0 1 0 0 0 0.99999999999999811262 3.3701638967390045836e-08 4.9928176926172895164e-08 -2.4315271593064507697e-09 0 0 0 0 0 1 0 0 0 1 0 0 0 1 -0.18900000000000005684 0.051000000000001932676 -0.041999999999999815259 0.9999999999999980016 3.9786474032022036169e-08 -4.3251318967291260671e-08 2.5128597962425413774e-08 0 0 
2 0 0 0 1 0 0 0 1 0 0 0 1 0 0 0 0.99999999999999811262 3.3701701289065643779e-08 4.9928176343305807235e-08 -2.4315321726572963427e-09 0 0 0 0 0 1 0 0 0 1 0 0 0 1 -0.19999999999999995559 0.086666666666666003493 -0.088888888888889017181 0.9999999999999980016 4.0475866866507361236e-08 -4.3889921584258725902e-08 2.399143482880246783e-08 0 0 
0 
