2 0 0 0 1 0 0 0 1 0 0 0 1 0.076280323450134801533 -0.06302785265049593022 0.19999999999999928946 0.99999999999998789857 1.4680673166359195086e-07 4.3377051429927512102e-08 -2.6204948549860664445e-08 0 0 0 0 0 1 0 0 0 1 0 0 0 1 -0.20000000000000017764 0.080161943319836836963 -0.034008097165992623445 0.99999999999997635225 2.1150595364006156135e-07 -2.5141621628339038599e-08 -4.3612191264614725609e-08 0 0 
2 0 0 0 1 0 0 0 1 0 0 0 1 0.076499697387579779218 -0.062358132033196511657 0.19999999999999928946 0.99999999999998778755 1.476090171707179724e-07 4.3652487180523816599e-08 -2.5738960572705869148e-08 0 0 0 0 0 1 0 0 0 1 0 0 0 1 -0.20000000000000017764 0.075725714114664555154 -0.022917524153053037139 0.99999999999997635225 2.1152517057366152503e-07 -2.4284129533647689847e-08 -4.4097194451532197583e-08 0 0 
2 0 0 0 1 0 0 0 1 0 0 0 1 0.077074129339170127651 -0.061458793747242168592 0.19999999999999928946 0.99999999999998767652 1.4818664171786973697e-07 4.4026165074707018475e-08 -2.5114172235536599988e-08 0 0 0 0 0 1 0 0 0 1 0 0 0 1 -0.20000000000000017764 0.090747487180387054195 -0.044420822302864593212 0.99999999999997712941 2.0823758010990932769e-07 -2.5057007819324090359e-08 -4.3659141305691817647e-08 0 0 
2 0 0 0 1 0 0 0 1 0 0 0 1 0.080663505311826533273 -0.064602232382181767889 0.19999999999999928946 0.99999999999998823164 1.4430938184879951822e-07 4.3996823542031232486e-08 -2.5166693557680412075e-08 0 0 0 0 0 1 0 0 0 1 0 0 0 1 -0.11099999999999932143 0.050364855385112150543 -0.024653556378090968337 0.99999999999997701838 2.0819279925033333713e-07 -2.4201122345718921357e-08 -4.4140977123464561939e-08 0 0 
2 0 0 0 1 0 0 0 1 0 0 0 1 0.085409079111051333655 -0.070474186123529847237 0.19999999999999928946 0.99999999999998911981 1.3813124175900288624e-07 4.4061852930155552991e-08 -2.5042416719077344877e-08 0 0 0 0 0 1 0 0 0 1 0 0 0 1 -0.03000000000000024869 0 0 0.99999999999997701838 2.0805864434092973172e-07 -2.4318661591416497902e-08 -4.407807067952176129e-08 0 0 
2 0 0 0 1 0 0 0 1 0 0 0 1 0.089150781681026636249 -0.073590980870566369276 0.19999999999999928946 0.99999999999998945288 1.3595239212877009572e-07 4.4279445325646119783e-08 -2.4664563439162537837e-08 0 0 0 0 0 1 0 0 0 1 0 0 0 1 0 0 0 0.99999999999997624123 2.122132767568058242e-07 -2.5161987101535764813e-08 -4.3602966036394503516e-08 0 0 
2 0 0 0 1 0 0 0 1 0 0 0 1 0.091112793348704812502 -0.076150086831379582009 0.19999999999999928946 0.9999999999999895639 1.352367381118199803e-07 4.4244487247547167588e-08 -2.4747086630784712e-08 0 0 0 0 0 1 0 0 0 1 0 0 0 1 0 0 0 0.99999999999997646327 2.1152982326855749559e-07 -2.6003657643825563265e-08 -4.3102117271155329038e-08 0 0 
2 0 0 0 1 0 0 0 1 0 0 0 1 0.088814844814329774181 -0.076784989952187743256 0.19999999999999928946 0.99999999999998934186 1.3653655735190873977e-07 4.4143924061296661235e-08 -2.4943535694832001302e-08 0 0 0 0 0 1 0 0 0 1 0 0 0 1 0 0 0 0.99999999999997768452 2.0600712376251292515e-07 -2.475767000437223495e-08 -4.3830961391628662348e-08 0 0 
2 0 0 0 1 0 0 0 1 0 0 0 1 0.086015430529101877255 -0.078426936941561109506 0.19999999999999928946 0.9999999999999895639 1.3534818834454316729e-07 4.4060181229183438569e-08 -2.5080241724358046594e-08 0 0 0 0 0 1 0 0 0 1 0 0 0 1 -0.029999999999999804601 0 0 0.99999999999997646327 2.1137912628588715588e-07 -2.5263586750368701097e-08 -4.3543501807714517362e-08 0 0 
2 0 0 0 1 0 0 0 1 0 0 0 1 0.084782892379518415282 -0.077733900972337011126 0.19999999999999928946 0.99999999999998945288 1.3563160757360116649e-07 4.4016918325507274005e-08 -2.5146048808966013798e-08 0 0 0 0 0 1 0 0 0 1 0 0 0 1 -0.20000000000000017764 0 -0.016949152542371948016 0.99999999999997746247 2.0628720218130360832e-07 -2.7096332112092670722e-08 -4.2423281214344204257e-08 0 0 
2 0 0 0 1 0 0 0 1 0 0 0 1 0.08294605115260544892 -0.076867255087769592592 0.19999999999999928946 0.99999999999998967493 1.344968789014647377e-07 4.4006526440238293043e-08 -2.5167547610403015954e-08 0 0 0 0 0 1 0 0 0 1 0 0 0 1 -0.20000000000000017764 0 -0.020533481522644336792 0.99999999999997601918 2.1329685304106127561e-07 -2.7812702991376172531e-08 -4.1957538065435679975e-08 0 0 
2 0 0 0 1 0 0 0 1 0 0 0 1 0.080157850856647172577 -0.072368555948919777165 0.19999999999999928946 0.99999999999998934186 1.3660714313912393359e-07 4.3798580619953034968e-08 -2.5544725758709218443e-08 0 0 0 0 0 1 0 0 0 1 0 0 0 1 -0.070999999999999729994 0 -0.0045173659349817540942 0.99999999999997435385 2.2118176012942428299e-07 -2.7991786267362483643e-08 -4.1842355493621998303e-08 0 0 
2 0 0 0 1 0 0 0 1 0 0 0 1 0.078788954146503442644 -0.074273262469041867462 0.19999999999999928946 0.99999999999998911981 1.3813978718552206602e-07 4.3922416845948918544e-08 -2.5370970556859367816e-08 0 0 0 0 0 1 0 0 0 1 0 0 0 1 0 0 0 0.99999999999997657429 2.1031736684163300047e-07 -2.7451946858076482655e-08 -4.2193550632564240732e-08 0 0 
2 0 0 0 1 0 0 0 1 0 0 0 1 0.077898249467805769086 -0.07313918836309696303 0.19999999999999928946 0.99999999999998911981 1.3858427655791412002e-07 4.3746390742533313338e-08 -2.5674518977416710785e-08 0 0 0 0 0 1 0 0 0 1 0 0 0 1 0.026999999999999690914 0 0 0.99999999999997524203 2.162454067061779116e-07 -2.7450791858369531981e-08 -4.219985043352297595e-08 0 0 
2 0 0 0 1 0 0 0 1 0 0 0 1 0.076421185596373675253 -0.073920485557870563298 0.19999999999999928946 0.99999999999998923084 1.3747136039764391467e-07 4.4017536074414863771e-08 -2.5194636425751867747e-08 0 0 0 0 0 1 0 0 0 1 0 0 0 1 -0.056999999999999939604 0 -0.0060000000000002273737 0.99999999999997546407 2.1583236077538624744e-07 -2.8005895387484683732e-08 -4.1829830252361121881e-08 0 0 
2 0 0 0 1 0 0 0 1 0 0 0 1 0.075330754090664697742 -0.07186110009920909647 0.19999999999999928946 0.99999999999998967493 1.3472700611735917555e-07 4.4241135966488950562e-08 -2.4760271514958750958e-08 0 0 0 0 0 1 0 0 0 1 0 0 0 1 0 0 0 0.99999999999997546407 2.1583177101103777874e-07 -2.8006897110494780444e-08 -4.1829152482021269935e-08 0 0 
2 0 0 0 1 0 0 0 1 0 0 0 1 0.075748415832221027699 -0.073147252683845920274 0.19999999999999928946 0.99999999999998967493 1.3423126235187628332e-07 4.4412708621877536022e-08 -2.4453765703558774078e-08 0 0 0 0 0 1 0 0 0 1 0 0 0 1 0 0 0 0.99999999999997535305 2.1604066770264917198e-07 -2.7175224463078075939e-08 -4.2376309496162602734e-08 0 0 
2 0 0 0 1 0 0 0 1 0 0 0 1 0.076360369930155158613 -0.074679895757203240692 0.19999999999999928946 0.99999999999998989697 1.3327805746012190806e-07 4.4355739841489999832e-08 -2.4593268088679816616e-08 0 0 0 0 0 1 0 0 0 1 0 0 0 1 0 0 0 0.99999999999997590816 2.1350711830459517722e-07 -2.8388254465911555311e-08 -4.1569154438093509619e-08 0 0 
2 0 0 0 1 0 0 0 1 0 0 0 1 0.076814099349329367783 -0.075684124572944710962 0.19999999999999928946 0.9999999999999895639 1.3507186248824938748e-07 4.4423501117247151929e-08 -2.4520759312786610227e-08 0 0 0 0 0 1 0 0 0 1 0 0 0 1 -0.060000000000000053291 0 0 0.99999999999997590816 2.1321497496729585515e-07 -2.8150804853855475516e-08 -4.1728549525500326868e-08 0 0 
2 0 0 0 1 0 0 0 1 0 0 0 1 0.076772920048671977611 -0.075801860327846526388 0.19999999999999928946 0.99999999999998978595 1.3370402173265709653e-07 4.4196693596565867281e-08 -2.491231914855699334e-08 0 0 0 0 0 1 0 0 0 1 0 0 0 1 -0.029999999999999804601 0 -0.0060000000000002273737 0.99999999999997557509 2.1485594541015808977e-07 -2.6983003050679680375e-08 -4.249668186795500601e-08 0 0 
2 0 0 0 1 0 0 0 1 0 0 0 1 0.076772920048671977611 -0.075801860327846526388 0.19999999999999928946 0.9999999999999895639 1.3497856932165459966e-07 4.4103862489181430409e-08 -2.5088548496945540165e-08 0 0 0 0 0 1 0 0 0 1 0 0 0 1 0 0 0 0.9999999999999761302 2.1236519963386222014e-07 -2.8201125532035362617e-08 -4.1693948973909766875e-08 0 0 
2 0 0 0 1 0 0 0 1 0 0 0 1 0.076698719417180427627 -0.075889680694800176752 0.19999999999999928946 0.99999999999998967493 1.339959518880537588e-07 4.4182817349192512726e-08 -2.4943524513888674019e-08 0 0 0 0 0 1 0 0 0 1 0 0 0 1 0 0 0 0.99999999999997601918 2.1305770374347399341e-07 -2.8249169399530827893e-08 -4.1663984508972684606e-08 0 0 
2 0 0 0 1 0 0 0 1 0 0 0 1 0.076656393370683417743 -0.076010816458136787332 0.19999999999999928946 0.99999999999998978595 1.3360500964766790474e-07 4.4055881106425559892e-08 -2.5166046697077096248e-08 0 0 0 0 0 1 0 0 0 1 0 0 0 1 0 0 0 0.99999999999997557509 2.1461619231777886517e-07 -2.7828443275452320269e-08 -4.1945777882330585875e-08 0 0 
2 0 0 0 1 0 0 0 1 0 0 0 1 0.076656393370683417743 -0.076010816458136787332 0.19999999999999928946 0.99999999999998978595 1.3331470584236750458e-07 4.4244811217564633878e-08 -2.4833853243342701142e-08 0 0 0 0 0 1 0 0 0 1 0 0 0 1 0 0 0 0.99999999999997568612 2.1461918331411835657e-07 -2.7827825248988980964e-08 -4.1946187089720780996e-08 0 0 
2 0 0 0 1 0 0 0 1 0 0 0 1 0.076656393370683417743 -0.076010816458136787332 0.19999999999999928946 0.99999999999998967493 1.346793416061323341e-07 4.4118469454124583909e-08 -2.5056106305000517207e-08 0 0 0 0 0 1 0 0 0 1 0 0 0 1 0 0 0 0.99999999999997524203 2.167447175627277997e-07 -2.8272482823638739091e-08 -4.1647944953871957933e-08 0 0 
2 0 0 0 1 0 0 0 1 0 0 0 1 0.076656393370683417743 -0.076010816458136787332 0.19999999999999928946 0.99999999999998978595 1.3370438410251344028e-07 4.4196924561118905785e-08 -2.4911907966184120819e-08 0 0 0 0 0 1 0 0 0 1 0 0 0 1 0 0 0 0.99999999999997690736 2.0826658769790766714e-07 -2.815684649326642653e-08 -4.1721622053015739149e-08 0 0 
2 0 0 0 1 0 0 0 1 0 0 0 1 0.076656393370683417743 -0.076010816458136787332 0.19999999999999928946 0.99999999999998978595 1.3370509247337540845e-07 4.4196876665403734065e-08 -2.4911996216337833319e-08 0 0 0 0 0 1 0 0 0 1 0 0 0 1 0 0 0 0.99999999999997557509 2.1460680828256331131e-07 -2.7828289176496502297e-08 -4.194586727263130296e-08 0 0 
2 0 0 0 1 0 0 0 1 0 0 0 1 0.076656393370683417743 -0.076010816458136787332 0.19999999999999928946 0.99999999999998978595 1.3370509027721548787e-07 4.4196875687019693614e-08 -2.4911995727145813093e-08 0 0 0 0 0 1 0 0 0 1 0 0 0 1 0 -0.012000000000000454747 0.030000000000001136868 0.9999999999999761302 2.1266760023841935365e-07 -2.7376871700180538489e-08 -4.2241893576795321809e-08 0 0 
2 0 0 0 1 0 0 0 1 0 0 0 1 0.076656393370683417743 -0.076010816458136787332 0.19999999999999928946 0.99999999999998978595 1.3370508856157397013e-07 4.4196874850882978194e-08 -2.4911995320786838845e-08 0 0 0 0 0 1 0 0 0 1 0 0 0 1 0 0 0 0.9999999999999761302 2.1266380012541730324e-07 -2.7376082702840853862e-08 -4.2242404019178127984e-08 0 0 
2 0 0 0 1 0 0 0 1 0 0 0 1 0.076656393370683417743 -0.076010816458136787332 0.19999999999999928946 0.9999999999999895639 1.3497062860759608107e-07 4.4284039709547215172e-08 -2.4777302734275538596e-08 0 0 0 0 0 1 0 0 0 1 0 0 0 1 0 0 0 0.99999999999997590816 2.1352755000259532232e-07 -2.6581110357943391792e-08 -4.2751462616536983577e-08 0 0 
2 0 0 0 1 0 0 0 1 0 0 0 1 0.076656393370683417743 -0.076010816458138563689 0.19999999999999928946 0.9999999999999895639 1.3456341288464875163e-07 4.4154687378617404595e-08 -2.5006075622495666442e-08 0 0 0 0 0 1 0 0 0 1 0 0 0 1 -0.0029999999999996695976 -0.020999999999997243094 0.059999999999998721023 0.99999999999997635225 2.1133561560471806335e-07 -2.6973194417607235979e-08 -4.2503051515819691931e-08 0 0 
2 0 0 0 1 0 0 0 1 0 0 0 1 0.076656393370683417743 -0.076010816458138563689 0.19999999999999928946 0.99999999999998967493 1.3399620821252929261e-07 4.4182771278406437734e-08 -2.4943587631151826132e-08 0 0 0 0 0 1 0 0 0 1 0 0 0 1 0 -0.012000000000004007461 0.030000000000001136868 0.99999999999997557509 2.1485168671953571794e-07 -2.6980914859948238534e-08 -4.2498003349073982574e-08 0 0 
2 0 0 0 1 0 0 0 1 0 0 0 1 0.076656393370683417743 -0.076010816458138563689 0.19999999999999928946 0.99999999999998967493 1.3428129228346270942e-07 4.4168559459184983088e-08 -2.4975154094353855181e-08 0 0 0 0 0 1 0 0 0 1 0 0 0 1 -0.0030000000000001136868 -0.032999999999997697842 0.089999999999999857891 0.9999999999999761302 2.126677777353254156e-07 -2.7375459593637729945e-08 -4.224280954201566013e-08 0 0 
2 0 0 0 1 0 0 0 1 0 0 0 1 0.076704458895873628421 -0.076538934967523175601 0.19999999999999928946 0.99999999999998967493 1.3458628775678412161e-07 4.4290470579272841736e-08 -2.4756697963998397458e-08 0 0 0 0 0 1 0 0 0 1 0 0 0 1 -0.0030000000000001136868 -0.05700000000000216005 0.156000000000002359 0.99999999999997424283 2.2091736867624903295e-07 -2.9162618677553627259e-08 -4.1029693125667014624e-08 0 0 
2 0 0 0 1 0 0 0 1 0 0 0 1 0.076446685612635789653 -0.07680645304954758501 0.19999999999999928946 0.99999999999998978595 1.3359367819279626108e-07 4.4389018245827761868e-08 -2.4585074487717172295e-08 0 0 0 0 0 1 0 0 0 1 0 0 0 1 -0.0030000000000001136868 -0.068999999999999062084 0.17999999999999616307 0.9999999999999741318 2.2170859886872529013e-07 -2.9200310086575290117e-08 -4.1005519410554036191e-08 0 0 
2 0 0 0 1 0 0 0 1 0 0 0 1 0.077346807773119863327 -0.07859207041230220625 0.19999999999999928946 0.99999999999998923084 1.3758035333211333538e-07 4.440789795265346908e-08 -2.4594449557664978422e-08 0 0 0 0 0 1 0 0 0 1 0 0 0 1 0.007894736842105398722 -0.076315789473682116295 0.19999999999999928946 0.99999999999997357669 2.2421199555312003657e-07 -3.042120139476547493e-08 -4.0106126163176274073e-08 0 0 
2 0 0 0 1 0 0 0 1 0 0 0 1 0.074081841853219643212 -0.081345592284437273634 0.19999999999999928946 0.99999999999998845368 1.4276442540303744066e-07 4.374307499555080469e-08 -2.5800055532309385776e-08 0 0 0 0 0 1 0 0 0 1 0 0 0 1 0.044085461177696405599 -0.075416883793643307854 0.19999999999999928946 0.99999999999997546407 2.159790847833296026e-07 -2.9005247748765276816e-08 -4.1140760128484012926e-08 0 0 
2 0 0 0 1 0 0 0 1 0 0 0 1 0.064521355807212188438 -0.090949017908895868345 0.19999999999999928946 0.99999999999998712141 1.5202910510180219139e-07 4.2547512475039067324e-08 -2.7748927832177080327e-08 0 0 0 0 0 1 0 0 0 1 0 0 0 1 0.068942953358472003345 -0.076198302111269100578 0.19999999999999928946 0.99999999999997579714 2.1429353956604021759e-07 -3.0530996335265867061e-08 -4.0013163980085886515e-08 0 0 
2 0 0 0 1 0 0 0 1 0 0 0 1 0.049109248900144564232 -0.10466162103924681048 0.19999999999999928946 0.99999999999998334665 1.7507692026165768984e-07 4.1271348324990042454e-08 -2.9755804266526502716e-08 0 0 0 0 0 1 0 0 0 1 0 0 0 1 0.088721911581026713378 -0.077567312999445192645 0.19999999999999928946 0.99999999999997557509 2.1547584867776497456e-07 -3.3560493262891609831e-08 -3.7501210269076182318e-08 0 0 
2 0 0 0 1 0 0 0 1 0 0 0 1 0.02400084057062024101 -0.12454391624950211792 0.19999999999999928946 0.99999999999998101519 1.8774823816632504175e-07 4.1575097645824804777e-08 -2.9405193491088007107e-08 0 0 0 0 0 1 0 0 0 1 0 0 0 1 0.0810031755514852847 -0.078410503561961775176 0.19999999999999928946 0.99999999999997501998 2.1832904001373713594e-07 -3.4111997650188873199e-08 -3.6999785818504309881e-08 0 0 
2 0 0 0 1 0 0 0 1 0 0 0 1 0.015653523586173889726 -0.19999999999999928946 0.081896521079940498566 0.99999999999997890576 1.9884423616522014179e-07 4.0061406813425030004e-08 -3.1539981637258825983e-08 0 0 0 0 0 1 0 0 0 1 0 0 0 1 0.061063395698218947416 -0.080702672841049150065 0.19999999999999928946 0.99999999999997868372 2.0047823824643078276e-07 -3.5971820955966395299e-08 -3.5174661159460189377e-08 0 0 
2 0 0 0 1 0 0 0 1 0 0 0 1 0.0069668259027633183678 -0.19999999999999928946 -0.020522632195095980023 0.99999999999997968292 1.9484323286918634053e-07 4.0082098629740924409e-08 -3.1480590601766448483e-08 0 0 0 0 0 1 0 0 0 1 0 0 0 1 0.053659345658645385413 -0.082724245675894536589 0.19999999999999928946 0.99999999999997946087 1.9640400063248147667e-07 -3.64596059836138403e-08 -3.4666587319515822208e-08 0 0 
2 0 0 0 1 0 0 0 1 0 0 0 1 0.0035870928824675019086 -0.19999999999999928946 -0.11788652339589589246 0.99999999999997979394 1.944494924556489408e-07 3.9856700946584141728e-08 -3.1755136359422290365e-08 0 0 0 0 0 1 0 0 0 1 0 0 0 1 0.033022858649314645874 -0.10351575284698455448 0.19999999999999928946 0.99999999999998523403 1.6393441594486878704e-07 -4.0606371733837345775e-08 -2.9634993414102024779e-08 0 0 
2 0 0 0 1 0 0 0 1 0 0 0 1 0.010056690753323493936 -0.17756066154299254833 -0.19999999999999928946 0.99999999999998090416 1.8853966692045447672e-07 3.9395207790394381467e-08 -3.2327200364096119548e-08 0 0 0 0 0 1 0 0 0 1 0 0 0 1 -0.026091655071270647426 -0.15721372921187537486 0.19999999999999928946 0.99999999999999011902 1.3065226747710619676e-07 -4.4209867038070171209e-08 -2.3815435942764711737e-08 0 0 
2 0 0 0 1 0 0 0 1 0 0 0 1 0.031717309885312516826 -0.16635726639080417044 -0.19999999999999928946 0.9999999999999815703 1.849946385905388575e-07 3.9113945332625743235e-08 -3.2645872679628365367e-08 0 0 0 0 0 1 0 0 0 1 0 0 0 1 -0.077349566062443475545 -0.19999999999999928946 0.14921647864578169163 0.9999999999999905631 1.2761867003441406868e-07 -4.9387487911778852548e-08 -8.7230741310785059393e-09 0 0 
2 0 0 0 1 0 0 0 1 0 0 0 1 0.036008765936353270831 -0.1595535462264940918 -0.19999999999999928946 0.99999999999998168132 1.8438929296621725724e-07 3.9199002422469375263e-08 -3.2530983348506756106e-08 0 0 0 0 0 1 0 0 0 1 0 0 0 1 -0.098649354378445686109 -0.19999999999999928946 0.12644323016222180911 0.99999999999998989697 1.3246360329455388431e-07 -4.882890453084037467e-08 -1.1432988611392975507e-08 0 0 
2 0 0 0 1 0 0 0 1 0 0 0 1 0.05947263185791307194 -0.15200940841485000021 -0.19999999999999928946 0.99999999999998201439 1.8214082156929928978e-07 3.9120249723662716478e-08 -3.2621793170191613044e-08 0 0 0 0 0 1 0 0 0 1 0 0 0 1 -0.10605862214097605545 -0.19999999999999928946 0.092940968404164436834 0.99999999999999078515 1.265313494119858194e-07 -4.9730678439858141662e-08 -6.2844676684826216152e-09 0 0 
2 0 0 0 1 0 0 0 1 0 0 0 1 0.093286981541638169801 -0.067798368368551464869 -0.19999999999999928946 0.9999999999999825695 1.795861242250039038e-07 3.9475579447640491813e-08 -3.2200415809886675111e-08 0 0 0 0 0 1 0 0 0 1 0 0 0 1 -0.095645630826125760393 -0.19999999999999928946 0.061584337329581018139 0.99999999999999178435 1.1839296266968987207e-07 -5.0084871371786487458e-08 1.2034387826542857666e-09 0 0 
2 0 0 0 1 0 0 0 1 0 0 0 1 0.050574387921964003567 0.011905306689779848739 -0.19999999999999928946 0.99999999999998179234 1.8344850519387890139e-07 3.8775206760711264675e-08 -3.3037826959424801301e-08 0 0 0 0 0 1 0 0 0 1 0 0 0 1 -0.076551426715809611778 -0.19999999999999928946 0.030755584128577595493 0.99999999999999233946 1.1341097727601922996e-07 -4.8810029806140397819e-08 1.124737968385978057e-08 0 0 
2 0 0 0 1 0 0 0 1 0 0 0 1 0.025004005919983640638 0.015629015850446847935 -0.19999999999999928946 0.99999999999998134825 1.8653617548520032097e-07 3.8623355097523070712e-08 -3.3240134843628557952e-08 0 0 0 0 0 1 0 0 0 1 0 0 0 1 -0.068190706044117810336 -0.19999999999999928946 0.025715303154028035237 0.99999999999999245048 1.1179614950451806414e-07 -4.7711138245060482471e-08 1.5326027311829531272e-08 0 0 
2 0 0 0 1 0 0 0 1 0 0 0 1 0.011145875903114443872 0.0089012366289118460827 -0.19999999999999928946 0.99999999999998023803 1.9192875728297021863e-07 3.8398552854730023058e-08 -3.3533195371079872523e-08 0 0 0 0 0 1 0 0 0 1 0 0 0 1 -0.064957862379688258159 -0.19999999999999928946 0.030378764245003964106 0.99999999999999378275 9.937619388500413851e-08 -4.7751126223266902283e-08 1.5224892426640808581e-08 0 0 
2 0 0 0 1 0 0 0 1 0 0 0 1 0.0066050319288724068656 0.013226328212223137371 -0.19999999999999928946 0.99999999999997990496 1.9357277377535623119e-07 3.7786289187880723276e-08 -3.423411952898740379e-08 0 0 0 0 0 1 0 0 0 1 0 0 0 1 -0.061760721295188503177 -0.19999999999999928946 0.037294553892364135095 0.9999999999999940048 9.7196294790436482148e-08 -4.7877782662076047493e-08 1.4827096543601570551e-08 0 0 
2 0 0 0 1 0 0 0 1 0 0 0 1 0.0020076751897875055874 0.013641871419359574702 -0.19999999999999928946 0.99999999999997846167 2.0092657131328282707e-07 3.6860353637425364033e-08 -3.525271037780719258e-08 0 0 0 0 0 1 0 0 0 1 0 0 0 1 -0.058081086220303834722 -0.19999999999999928946 0.04134619429698638271 0.99999999999999455991 9.062595761333331112e-08 -4.8567449659198396604e-08 1.2391335943440287642e-08 0 0 
2 0 0 0 1 0 0 0 1 0 0 0 1 -0.0010758301870943398626 0.018786067992682120575 -0.19999999999999928946 0.99999999999997746247 2.0617299064350691059e-07 3.5943288310969748897e-08 -3.6205970751439347064e-08 0 0 0 0 0 1 0 0 0 1 0 0 0 1 -0.052541670959496133975 -0.19999999999999928946 0.047366342365224411992 0.99999999999999489297 8.8075713125524318982e-08 -4.8735620185314217354e-08 1.1732317704155119258e-08 0 0 
2 0 0 0 1 0 0 0 1 0 0 0 1 -0.0028568569168641033684 0.027222956097414652277 -0.19999999999999928946 0.99999999999997746247 2.059494682016318425e-07 3.6323483314921455431e-08 -3.5821681321951177198e-08 0 0 0 0 0 1 0 0 0 1 0 0 0 1 -0.047215605302463270476 -0.19999999999999928946 0.059357380831391637344 0.99999999999999511502 8.4639134839692841737e-08 -4.8805586249506499127e-08 1.1454421366269341336e-08 0 0 
2 0 0 0 1 0 0 0 1 0 0 0 1 -0.004256191880642745673 0.032635436202102852121 -0.19999999999999928946 0.99999999999997735145 2.0624638829084184906e-07 3.6286133632546778813e-08 -3.5864772603145504012e-08 0 0 0 0 0 1 0 0 0 1 0 0 0 1 -0.042929508153113804525 -0.19999999999999928946 0.064025247071604951543 0.99999999999999533706 8.2691814215496812442e-08 -4.8795230304238493453e-08 1.1504707408960310393e-08 0 0 
2 0 0 0 1 0 0 0 1 0 0 0 1 -0.0057064194210116880868 0.031993006963284997823 -0.19999999999999928946 0.99999999999997701838 2.0835303630139172439e-07 3.5529552071257007981e-08 -3.6636896816453157699e-08 0 0 0 0 0 1 0 0 0 1 0 0 0 1 -0.040203278342434423109 -0.19999999999999928946 0.067892341233630304487 0.99999999999999533706 8.272302501333189196e-08 -4.8748398262521644604e-08 1.1693329814849217267e-08 0 0 
2 0 0 0 1 0 0 0 1 0 0 0 1 -0.0066577793466304768799 0.032215518912922291861 -0.19999999999999928946 0.99999999999997635225 2.1119247946289002588e-07 3.5394988603249807312e-08 -3.6778797987171470731e-08 0 0 0 0 0 1 0 0 0 1 0 0 0 1 -0.03853225447652297575 -0.19999999999999928946 0.068747140113375238002 0.99999999999999533706 8.185105218605531275e-08 -4.8891134911410952419e-08 1.1056759119387800309e-08 0 0 
2 0 0 0 1 0 0 0 1 0 0 0 1 -0.0074966658889401571741 0.033749887064686845406 -0.19999999999999928946 0.99999999999997646327 2.1052211829353735076e-07 3.5113809346288543731e-08 -3.705867404179501088e-08 0 0 0 0 0 1 0 0 0 1 0 0 0 1 -0.03679908900342576672 -0.19999999999999928946 0.06891220349176307991 0.99999999999999555911 8.0809357316802634524e-08 -4.9046171735067863534e-08 1.033157759344765139e-08 0 0 
2 0 0 0 1 0 0 0 1 0 0 0 1 -0.0079725681206284093605 0.035584896344513339272 -0.19999999999999928946 0.99999999999997701838 2.0809290681573149231e-07 3.4733345831428864799e-08 -3.7418021645768510331e-08 0 0 0 0 0 1 0 0 0 1 0 0 0 1 -0.031537371461048735455 -0.19999999999999928946 0.069591134787554409513 0.99999999999999544809 8.0940330618451234675e-08 -4.8989506611085929651e-08 1.0597524732758372927e-08 0 0 
2 0 0 0 1 0 0 0 1 0 0 0 1 -0.0084477038498089740415 0.035332947623004429261 -0.19999999999999928946 0.99999999999997679634 2.0942583694832027297e-07 3.4835308030529402875e-08 -3.7328366603914433265e-08 0 0 0 0 0 1 0 0 0 1 0 0 0 1 -0.027083180721616528785 -0.19999999999999928946 0.070289831374132916153 0.99999999999999567013 7.8662572358667925903e-08 -4.9043100542462077724e-08 1.0287799376285146872e-08 0 0 
2 0 0 0 1 0 0 0 1 0 0 0 1 -0.0087043959106285484495 0.035217720128144947012 -0.19999999999999928946 0.99999999999997624123 2.1200757543798024457e-07 3.4729325425892626564e-08 -3.7433654028309738762e-08 0 0 0 0 0 1 0 0 0 1 0 0 0 1 -0.020606355798001629864 -0.19999999999999928946 0.071189390391300122474 0.99999999999999589217 7.539401220002549098e-08 -4.9084767379109700308e-08 1.0031992920406283812e-08 0 0 
2 0 0 0 1 0 0 0 1 0 0 0 1 -0.009039672889137762013 0.033130562845112621062 -0.19999999999999928946 0.99999999999997624123 2.1170565056051974246e-07 3.44238832127038864e-08 -3.7733174710871527816e-08 0 0 0 0 0 1 0 0 0 1 0 0 0 1 -0.014984160416422476203 -0.19999999999999928946 0.072470246217495315477 0.99999999999999622524 7.1740443766122028911e-08 -4.9207761268488433452e-08 9.3577586166016316543e-09 0 0 
2 0 0 0 1 0 0 0 1 0 0 0 1 -0.0092165567019062422105 0.029811516178330776938 -0.19999999999999928946 0.99999999999997668532 2.1013638102328692308e-07 3.4326031433940774847e-08 -3.7837331398052876088e-08 0 0 0 0 0 1 0 0 0 1 0 0 0 1 -0.010092023097359792416 -0.19999999999999928946 0.073045791784444702444 0.99999999999999655831 6.7154603419772545632e-08 -4.9181756032329498853e-08 9.454844358824965103e-09 0 0 
2 0 0 0 1 0 0 0 1 0 0 0 1 -0.0093984499369437202176 0.026129542187280918597 -0.19999999999999928946 0.99999999999997601918 2.1307254146133392134e-07 3.4139537388040141039e-08 -3.8022428581726980306e-08 0 0 0 0 0 1 0 0 0 1 0 0 0 1 -0.0039482740426182161286 -0.19999999999999928946 0.073838533597960775978 0.99999999999999666933 6.363376169049604984e-08 -4.8977460143096062119e-08 1.0452342463773724215e-08 0 0 
2 0 0 0 1 0 0 0 1 0 0 0 1 -0.0095699857539415233987 0.023160108755771346978 -0.19999999999999928946 0.99999999999997590816 2.1325183449314405366e-07 3.4052623575087920325e-08 -3.8106798692017513913e-08 0 0 0 0 0 1 0 0 0 1 0 0 0 1 0.0034477832872195079972 -0.19999999999999928946 0.074630843925966416919 0.99999999999999689138 6.1051541364043523267e-08 -4.9270775889787162927e-08 8.9427993725521851908e-09 0 0 
2 0 0 0 1 0 0 0 1 0 0 0 1 -0.0098150424353100618191 0.018883656946007576494 -0.19999999999999928946 0.99999999999997601918 2.1313363078243563628e-07 3.3929354197743381169e-08 -3.8224359185909263519e-08 0 0 0 0 0 1 0 0 0 1 0 0 0 1 0.012555684042382608823 -0.19999999999999928946 0.070948694798584455157 0.99999999999999689138 5.9091580101311621412e-08 -4.958190451265236064e-08 6.9643769536054327091e-09 0 0 
2 0 0 0 1 0 0 0 1 0 0 0 1 -0.010056713660279825717 0.012521513600338707306 -0.19999999999999928946 0.99999999999997601918 2.1265246167961005139e-07 3.3749429570462926771e-08 -3.838887686099997199e-08 0 0 0 0 0 1 0 0 0 1 0 0 0 1 0.019977767077124397588 -0.19999999999999928946 0.066770219057350033154 0.99999999999999711342 5.7774824049894478741e-08 -4.9800668745075972333e-08 5.1941655629384058235e-09 0 0 
2 0 0 0 1 0 0 0 1 0 0 0 1 -0.0093180710487867912661 0.0033923025401794149047 -0.19999999999999928946 0.99999999999997557509 2.149492233458807585e-07 3.3398579155769751045e-08 -3.8728928059787978529e-08 0 0 0 0 0 1 0 0 0 1 0 0 0 1 0.031196231416361186461 -0.19999999999999928946 0.055818263565267756121 0.99999999999999711342 5.7225026328655724818e-08 -4.9918108965818642908e-08 3.8616314521067281859e-09 0 0 
2 0 0 0 1 0 0 0 1 0 0 0 1 -0.0082382415953095033956 -0.0026602222831417776661 -0.19999999999999928946 0.9999999999999761302 2.1232012844229161978e-07 3.3035783712776728711e-08 -3.8952437146677513142e-08 0 0 0 0 0 1 0 0 0 1 0 0 0 1 0.039032223175174962648 -0.19999999999999928946 0.047241903890082426187 0.9999999999999970024 5.7572425729568622513e-08 -5.0039040393884562986e-08 -1.6006245252830947016e-09 0 0 
2 0 0 0 1 0 0 0 1 0 0 0 1 -0.0088836337589341951571 -0.0062906358388357119793 -0.19999999999999928946 0.99999999999997635225 2.1116855556357009277e-07 3.3490603849190797865e-08 -3.8540557229569058544e-08 0 0 0 0 0 1 0 0 0 1 0 0 0 1 0.041851020742899258664 -0.19999999999999928946 0.037201195609195991665 0.99999999999999711342 5.6691291536181852586e-08 -4.9990260778121221741e-08 -2.7270362808196136651e-09 0 0 
2 0 0 0 1 0 0 0 1 0 0 0 1 -0.0094137292167708608304 -0.0086726329724289286105 -0.19999999999999928946 0.99999999999997546407 2.1550163906321727871e-07 3.3714715696326614823e-08 -3.8362901039896537932e-08 0 0 0 0 0 1 0 0 0 1 0 0 0 1 0.042421437781525739297 -0.19999999999999928946 0.032256355174137496533 0.99999999999999711342 5.667980444712411471e-08 -4.9974941920827443831e-08 -2.9930457348670367591e-09 0 0 
2 0 0 0 1 0 0 0 1 0 0 0 1 -0.009815679196321980271 -0.0093106093091446240351 -0.19999999999999928946 0.99999999999997524203 2.1623581190379475003e-07 3.3289959004701713605e-08 -3.8711496939221936317e-08 0 0 0 0 0 1 0 0 0 1 0 0 0 1 0.043201051714965910122 -0.19999999999999928946 0.026900771041290738594 0.99999999999999711342 5.6101336187719556049e-08 -4.9913846451865730025e-08 -3.8394923351781181495e-09 0 0 
2 0 0 0 1 0 0 0 1 0 0 0 1 -0.010152304769510678284 -0.0081129400717419031253 -0.19999999999999928946 0.99999999999997468692 2.1898092518978505055e-07 3.2378411968931585349e-08 -3.9484823137438770957e-08 0 0 0 0 0 1 0 0 0 1 0 0 0 1 0.048025045027606960701 -0.19999999999999928946 0.025853667802678614862 0.99999999999999711342 5.5895002681882902719e-08 -4.9844844231261710299e-08 -4.6475510002974695044e-09 0 0 
2 0 0 0 1 0 0 0 1 0 0 0 1 -0.010371350629929665388 -0.006166644011603494846 -0.19999999999999928946 0.99999999999997490896 2.1808137362286920709e-07 3.2584420311261007683e-08 -3.9318630191531881556e-08 0 0 0 0 0 1 0 0 0 1 0 0 0 1 0.048614228785533342148 -0.19999999999999928946 0.021263543173088095273 0.99999999999999711342 5.4693886211709833502e-08 -4.9519341634163417532e-08 -7.330873248723190207e-09 0 0 
2 0 0 0 1 0 0 0 1 0 0 0 1 -0.010594228302547747944 -0.0045077950001672917324 -0.19999999999999928946 0.99999999999997535305 2.1579179542569581175e-07 3.2606876546049347283e-08 -3.9305930449015572234e-08 0 0 0 0 0 1 0 0 0 1 0 0 0 1 0.050232087400476022054 -0.19999999999999928946 0.013590188209779086037 0.99999999999999722444 5.4008960775897721986e-08 -4.8854527093939032112e-08 -1.0920074629272611757e-08 0 0 
2 0 0 0 1 0 0 0 1 0 0 0 1 -0.010786660216295373971 -0.0035711736508812208513 -0.19999999999999928946 0.99999999999997435385 2.2043766034589865166e-07 3.1632873109117257845e-08 -4.0094095350198455199e-08 0 0 0 0 0 1 0 0 0 1 0 0 0 1 0.053918561340226212053 -0.19999999999999928946 -0.00780727900882638437 0.99999999999999733546 5.3289676602008701123e-08 -4.8343760630093061402e-08 -1.2990826012138113935e-08 0 0 
2 0 0 0 1 0 0 0 1 0 0 0 1 -0.010903878170331893216 -0.0035073703230210639958 -0.19999999999999928946 0.99999999999997479794 2.185164147041534865e-07 3.1168087874512095165e-08 -4.0476702021587081384e-08 0 0 0 0 0 1 0 0 0 1 0 0 0 1 0.070112033802087747603 -0.19999999999999928946 -0.04410685504182865202 0.99999999999999744649 5.1907595513545207366e-08 -4.7551164634313095868e-08 -1.5636051429318607856e-08 0 0 
2 0 0 0 1 0 0 0 1 0 0 0 1 -0.011356594631761751657 -0.0039939038672542892527 -0.19999999999999928946 0.99999999999997435385 2.2073117464036520863e-07 3.0936282396921383215e-08 -4.0651857944555910011e-08 0 0 0 0 0 1 0 0 0 1 0 0 0 1 0.091887566626410510651 -0.19999999999999928946 -0.13648930042794304995 0.99999999999999744649 5.1727384375866020305e-08 -4.7352594501754012023e-08 -1.6221650824682674877e-08 0 0 
2 0 0 0 1 0 0 0 1 0 0 0 1 -0.011812068206465298204 -0.0061557659758850746812 -0.19999999999999928946 0.99999999999997335465 2.2509064988817430131e-07 2.9989749458087767948e-08 -4.1364708492243740687e-08 0 0 0 0 0 1 0 0 0 1 0 0 0 1 0.095392088717783263263 -0.095659740873005105755 -0.19999999999999928946 0.99999999999999733546 5.2845144413171813069e-08 -4.7065338175389507534e-08 -1.7049246240491468777e-08 0 0 
2 0 0 0 1 0 0 0 1 0 0 0 1 -0.012562896195582595738 -0.0082938573847997076882 -0.19999999999999928946 0.99999999999997368771 2.2381620277609517082e-07 2.9361563319563962898e-08 -4.1804903658586018309e-08 0 0 0 0 0 1 0 0 0 1 0 0 0 1 0.095747819984008053495 -0.043048058749128870204 -0.19999999999999928946 0.99999999999999722444 5.2852721671437105189e-08 -4.6876506124699090183e-08 -1.7570167855363077684e-08 0 0 
2 0 0 0 1 0 0 0 1 0 0 0 1 -0.012927041547735385052 -0.010747434074795947367 -0.19999999999999928946 0.99999999999997324363 2.2513619427067583765e-07 2.9334753740701501651e-08 -4.182470039358386713e-08 0 0 0 0 0 1 0 0 0 1 0 0 0 1 0.09911317745701175852 -0.024005991476311550059 -0.19999999999999928946 0.99999999999999722444 5.2398186428659495707e-08 -4.6804258260757646514e-08 -1.7754864158753319251e-08 0 0 
2 0 0 0 1 0 0 0 1 0 0 0 1 -0.012968351405060474235 -0.013210227603433821741 -0.19999999999999928946 0.99999999999997191136 2.3129311230510969943e-07 3.0010999095554117199e-08 -4.1357314119152540124e-08 0 0 0 0 0 1 0 0 0 1 0 0 0 1 0.10140834184098812543 -0.010356274656706077053 -0.19999999999999928946 0.99999999999999733546 5.2088909935355115677e-08 -4.6764720935954643687e-08 -1.7859341078924108851e-08 0 0 
2 0 0 0 1 0 0 0 1 0 0 0 1 -0.014009045532979769177 -0.015683594931928723781 -0.19999999999999928946 0.99999999999997102318 2.351189959375817331e-07 3.0196751227979704282e-08 -4.1234141587299742819e-08 0 0 0 0 0 1 0 0 0 1 0 0 0 1 0.11031484452202322544 -0.0067637365555341943946 -0.19999999999999928946 0.99999999999999744649 5.1779834780996264653e-08 -4.6529600374045757826e-08 -1.8462628394860841289e-08 0 0 
2 0 0 0 1 0 0 0 1 0 0 0 1 -0.014985525115095654769 -0.016126275626291430854 -0.19999999999999928946 0.99999999999996980193 2.4000668549275409344e-07 3.0479275905243939376e-08 -4.1005987471040411093e-08 0 0 0 0 0 1 0 0 0 1 0 0 0 1 0.10777784697228520727 -0.0043084066385521424536 -0.19999999999999928946 0.99999999999999733546 5.1567918282757890991e-08 -4.6336733415530809986e-08 -1.8941212109185917249e-08 0 0 
2 0 0 0 1 0 0 0 1 0 0 0 1 -0.016267327147780008545 -0.015611743820874934841 -0.19999999999999928946 0.99999999999997002398 2.3919762892622035955e-07 2.9842898780636289605e-08 -4.1483157647025296141e-08 0 0 0 0 0 1 0 0 0 1 0 0 0 1 0.10492777049388202215 -0.002078955842842233892 -0.19999999999999928946 0.99999999999999733546 5.166514056853546718e-08 -4.6462635718003257034e-08 -1.8633877222479272255e-08 0 0 
2 0 0 0 1 0 0 0 1 0 0 0 1 -0.016818940079572186619 -0.015589240972126106044 -0.19999999999999928946 0.99999999999996991296 2.3997910731169584139e-07 2.9850508849461399733e-08 -4.1428850096814977575e-08 0 0 0 0 0 1 0 0 0 1 0 0 0 1 0.1084080649708147881 -0.004801389907225228626 -0.19999999999999928946 0.99999999999999733546 5.1222457206345911784e-08 -4.659163135509193726e-08 -1.8308437009506622565e-08 0 0 
2 0 0 0 1 0 0 0 1 0 0 0 1 -0.01672822412383112578 -0.015919856435740342704 -0.19999999999999928946 0.99999999999996891376 2.4399915376887495319e-07 2.9121588081965984011e-08 -4.1959317170944725696e-08 0 0 0 0 0 1 0 0 0 1 0 0 0 1 0.1873315109698321379 -0.03951423775418838602 -0.19999999999999928946 0.99999999999999744649 5.0926912242843652889e-08 -4.6603987145094186993e-08 -1.8280182215169077046e-08 0 0 
2 0 0 0 1 0 0 0 1 0 0 0 1 -0.016643319708933290713 -0.015926315234979782076 -0.19999999999999928946 0.99999999999996758149 2.4944096908147949733e-07 2.9422877398378297972e-08 -4.1751527095867903999e-08 0 0 0 0 0 1 0 0 0 1 0 0 0 1 0.18852137624330556065 0.11260198496927387168 -0.06047320928740873569 0.99999999999999744649 5.1032503542436519395e-08 -4.6458570161084359605e-08 -1.865371614118154742e-08 0 0 
2 0 0 0 1 0 0 0 1 0 0 0 1 -0.016882283041301349158 -0.016221051156959376272 -0.19999999999999928946 0.99999999999996558309 2.5723672094323853175e-07 2.8393561116863840397e-08 -4.2471361066076593074e-08 0 0 0 0 0 1 0 0 0 1 0 0 0 1 0.087000000000000188294 0.13799999999999990052 0.13800000000000167688 0.99999999999999733546 5.2009804449304614293e-08 -4.6550451913291005789e-08 -1.843712459440043883e-08 0 0 
2 0 0 0 1 0 0 0 1 0 0 0 1 -0.016819717778243870043 -0.016427247625493635041 -0.19999999999999928946 0.99999999999996569411 2.568342440615550428e-07 2.7103292169623305813e-08 -4.3305135027841519362e-08 0 0 0 0 0 1 0 0 0 1 0 0 0 1 0.029999999999999804601 0.051000000000000156319 0.047999999999998266276 0.99999999999999755751 4.9757407166728503709e-08 -4.6667079242612820398e-08 -1.8137437874515870132e-08 0 0 
2 0 0 0 1 0 0 0 1 0 0 0 1 -0.016829444178728891757 -0.016602066024896444674 -0.19999999999999928946 0.99999999999996558309 2.5716731204794059182e-07 2.7360075472577626694e-08 -4.3157430560694748527e-08 0 0 0 0 0 1 0 0 0 1 0 0 0 1 0.03000000000000024869 0.018000000000000682121 0.018000000000000682121 0.99999999999999777955 4.6163504269225540851e-08 -4.6759737609702973068e-08 -1.7876043437170569831e-08 0 0 
2 0 0 0 1 0 0 0 1 0 0 0 1 -0.016801348806263050051 -0.016640493747587470352 -0.19999999999999928946 0.99999999999996602718 2.5536789036683695834e-07 2.6842712507608526611e-08 -4.347919616010257247e-08 0 0 0 0 0 1 0 0 0 1 0 0 0 1 0 0 0 0.99999999999999777955 4.5365719694712246975e-08 -4.6888681437540319771e-08 -1.7534281693265580685e-08 0 0 
2 0 0 0 1 0 0 0 1 0 0 0 1 -0.016801082745386608508 -0.01647592273465470214 -0.19999999999999928946 0.99999999999996491695 2.5978068997693304531e-07 2.7103145529978451086e-08 -4.331753633677097138e-08 0 0 0 0 0 1 0 0 0 1 0 0 0 1 0 0 0 0.99999999999999777955 4.3438067337531293574e-08 -4.6892631444528482384e-08 -1.7517549102258373764e-08 0 0 
2 0 0 0 1 0 0 0 1 0 0 0 1 -0.016801082745386608508 -0.01647592273465470214 -0.19999999999999928946 0.99999999999996602718 2.5536588350861568767e-07 2.6842902418195782648e-08 -4.3479076274013669016e-08 0 0 0 0 0 1 0 0 0 1 0 0 0 1 0 0 0 0.99999999999999777955 4.2066332653356667766e-08 -4.6764068811766640729e-08 -1.785850811675264245e-08 0 0 
2 0 0 0 1 0 0 0 1 0 0 0 1 -0.016806458026735526801 -0.016347416878343068447 -0.19999999999999928946 0.999999999999965139 2.590399890735430354e-07 2.7482954238767636509e-08 -4.3077707741419796778e-08 0 0 0 0 0 1 0 0 0 1 0 0 0 1 0.12000000000000010658 0.017999999999998905764 0.024000000000000909495 0.99999999999999777955 4.2176737116705979521e-08 -4.661343254441796021e-08 -1.8244916886317503482e-08 0 0 
2 0 0 0 1 0 0 0 1 0 0 0 1 -0.016806458026735526801 -0.016347416878343068447 -0.19999999999999928946 0.99999999999996636024 2.5453910025390905054e-07 2.7214474989518487318e-08 -4.3247639815691204815e-08 0 0 0 0 0 1 0 0 0 1 0 0 0 1 0.060000000000000053291 -0.038999999999999701572 0.083999999999999630518 0.99999999999999789058 4.1852112012130774861e-08 -4.6576527339831192273e-08 -1.8338176872856366287e-08 0 0 
2 0 0 0 1 0 0 0 1 0 0 0 1 -0.016783379480934002004 -0.016496618073022162321 -0.19999999999999928946 0.99999999999996624922 2.5451392576641443362e-07 2.7194099340433847716e-08 -4.3261773662128180387e-08 0 0 0 0 0 1 0 0 0 1 0 0 0 1 0.096666666666667566687 -0.0066666666666659324392 0.19999999999999928946 0.99999999999999789058 4.2923240670123078918e-08 -4.6749282629071737113e-08 -1.7915103303622932088e-08 0 0 
2 0 0 0 1 0 0 0 1 0 0 0 1 -0.016782176082866584466 -0.017460709204495827862 -0.19999999999999928946 0.99999999999996602718 2.5542312917862555214e-07 2.7604251637975800066e-08 -4.3002677559482524197e-08 0 0 0 0 0 1 0 0 0 1 0 0 0 1 0.0905710491367859305 0.0062416998671963597189 0.19999999999999928946 0.99999999999999789058 4.2356347970673539567e-08 -4.6720828691948596409e-08 -1.7983416297773264517e-08 0 0 
2 0 0 0 1 0 0 0 1 0 0 0 1 -0.016717708054706292842 -0.018860696819762878818 -0.19999999999999928946 0.99999999999996580513 2.5651283098831513862e-07 2.6994352638616083123e-08 -4.3368885804200796468e-08 0 0 0 0 0 1 0 0 0 1 0 0 0 1 0.078277653450011586145 0.026555407254274854267 0.19999999999999928946 0.99999999999999777955 4.2555407170352758602e-08 -4.6765093877215830184e-08 -1.7875756409824234708e-08 0 0 
2 0 0 0 1 0 0 0 1 0 0 0 1 -0.016705556349570827024 -0.020694810906157101726 -0.19999999999999928946 0.99999999999996735944 2.5001602989121445663e-07 2.7253208238765315932e-08 -4.318278065988461709e-08 0 0 0 0 0 1 0 0 0 1 0 0 0 1 0.06874721571495179262 0.038201007163984002091 0.19999999999999928946 0.99999999999999789058 4.1857279059476319379e-08 -4.6208600803371408369e-08 -1.9271970196771447118e-08 0 0 
2 0 0 0 1 0 0 0 1 0 0 0 1 -0.01696251482823285528 -0.021574707150069372119 -0.19999999999999928946 0.99999999999996602718 2.5535251855537435276e-07 2.5363832048542506015e-08 -4.4315143562765248448e-08 0 0 0 0 0 1 0 0 0 1 0 0 0 1 0.080025353326860004799 0.043481282727160674995 0.19999999999999928946 0.99999999999999789058 4.216594313988251513e-08 -4.5737053755434786025e-08 -2.0372815056485295807e-08 0 0 
2 0 0 0 1 0 0 0 1 0 0 0 1 -0.017273507839885127169 -0.021910741934005883991 -0.19999999999999928946 0.99999999999996658229 2.5305802141794578807e-07 2.5511882877083693488e-08 -4.4232909830571692949e-08 0 0 0 0 0 1 0 0 0 1 0 0 0 1 0.077223541927935679396 0.044459892424756120022 0.19999999999999928946 0.99999999999999777955 4.1249742385729519175e-08 -4.5698672422600605144e-08 -2.0447983081067812842e-08 0 0 
2 0 0 0 1 0 0 0 1 0 0 0 1 -0.0172589277229562299 -0.022500947594361164761 -0.19999999999999928946 0.99999999999996702638 2.5167242512225960909e-07 2.4941710499022098444e-08 -4.4562330329913931374e-08 0 0 0 0 0 1 0 0 0 1 0 0 0 1 0.09177974994832993616 0.049473929914187309009 0.19999999999999928946 0.99999999999999777955 4.1409428858108036582e-08 -4.5679694957168159205e-08 -2.0490504230863450767e-08 0 0 
2 0 0 0 1 0 0 0 1 0 0 0 1 -0.017239476582322055265 -0.022500065732268481611 -0.19999999999999928946 0.99999999999996647126 2.5349150572889242681e-07 2.5059603777495006426e-08 -4.4493178554895933102e-08 0 0 0 0 0 1 0 0 0 1 0 0 0 1 0.060341753965691191652 0.011250689463022212067 0.19999999999999928946 0.99999999999999789058 3.9758369832498893766e-08 -4.5775657486757481037e-08 -2.0253919527646370961e-08 0 0 
2 0 0 0 1 0 0 0 1 0 0 0 1 -0.017255377564234564147 -0.022499179075605724165 -0.19999999999999928946 0.99999999999996647126 2.5364253758952146298e-07 2.4671809456534293867e-08 -4.4706383233850930409e-08 0 0 0 0 0 1 0 0 0 1 0 0 0 1 0.044532390427278301104 0.012985486246579469594 0.19999999999999928946 0.99999999999999789058 4.0089208411253715576e-08 -4.5722070209780573576e-08 -2.0383997122175358777e-08 0 0 
2 0 0 0 1 0 0 0 1 0 0 0 1 -0.017241766049577833542 -0.022792571431443420238 -0.19999999999999928946 0.99999999999996469491 2.6098202423643445887e-07 2.4582810564944580301e-08 -4.4754400037925523072e-08 0 0 0 0 0 1 0 0 0 1 0 0 0 1 0.048867271298756342901 -0.0079715984829409336498 0.19999999999999928946 0.99999999999999789058 4.0499908537938815119e-08 -4.5780248612847895159e-08 -2.0252941629328493315e-08 0 0 
2 0 0 0 1 0 0 0 1 0 0 0 1 -0.017203223391611288662 -0.022946339829708506386 -0.19999999999999928946 0.99999999999996536104 2.5799162913995650042e-07 2.4836232674630725881e-08 -4.4617004325713479905e-08 0 0 0 0 0 1 0 0 0 1 0 0 0 1 0.059522709107936444539 -0.017062407211899000004 0.19999999999999928946 0.99999999999999789058 4.0409535551067058908e-08 -4.5688995965048705868e-08 -2.0453099523060116164e-08 0 0 
2 0 0 0 1 0 0 0 1 0 0 0 1 -0.017211017436972397832 -0.023849655035032668593 -0.19999999999999928946 0.99999999999996347366 2.6544690529679423752e-07 2.5043575012374336724e-08 -4.4510099132248519298e-08 0 0 0 0 0 1 0 0 0 1 0 0 0 1 0.066245727320916492076 -0.018838357198371014078 0.19999999999999928946 0.99999999999999789058 4.129587792556242248e-08 -4.572094693469651517e-08 -2.0394731424511249566e-08 0 0 
2 0 0 0 1 0 0 0 1 0 0 0 1 -0.017044501343026041695 -0.029058877014188411181 -0.19999999999999928946 0.99999999999996258548 2.6846527216920941229e-07 2.5551485188097649312e-08 -4.411912673261088615e-08 0 0 0 0 0 1 0 0 0 1 0 0 0 1 0.076721237548352139157 -0.010390052288338225139 0.19999999999999928946 0.99999999999999766853 4.2366222932632808104e-08 -4.5850185360213459393e-08 -2.0128365224580995977e-08 0 0 
2 0 0 0 1 0 0 0 1 0 0 0 1 -0.017227228539866246138 -0.032463159505891070467 -0.20000000000000017764 0.99999999999996203037 2.7090650136716770762e-07 2.4518660518558596456e-08 -4.4689025774631186837e-08 0 0 0 0 0 1 0 0 0 1 0 0 0 1 0.070416360095418850662 -0.011264659067947491167 0.19999999999999928946 0.99999999999999766853 4.2361810240199132957e-08 -4.5912075224974315066e-08 -2.0005207962414722437e-08 0 0 
2 0 0 0 1 0 0 0 1 0 0 0 1 -0.019155015653122831054 -0.034817003827042114494 -0.20000000000000017764 0.99999999999996080913 2.7524118031454739284e-07 2.3581080470237252805e-08 -4.5156682174347620334e-08 0 0 0 0 0 1 0 0 0 1 0 0 0 1 0.067254927387949914319 -0.023704587287374678795 0.19999999999999928946 0.99999999999999777955 4.1688588511834638258e-08 -4.5845561482543805595e-08 -2.0148692578964057768e-08 0 0 
2 0 0 0 1 0 0 0 1 0 0 0 1 -0.029712650751047675612 -0.038143377139739698123 -0.20000000000000017764 0.99999999999996025402 2.7715020362377153852e-07 1.9830768686891164005e-08 -4.6879344666168671741e-08 0 0 0 0 0 1 0 0 0 1 0 0 0 1 0.066954682176396551618 -0.022705906094127925599 0.19999999999999928946 0.99999999999999789058 4.1393103028530923655e-08 -4.54961808123156446e-08 -2.0920912818106531498e-08 0 0 
2 0 0 0 1 0 0 0 1 0 0 0 1 -0.059734634756265947431 -0.054983467260528939846 -0.20000000000000017764 0.99999999999993660627 3.5226057305828303325e-07 1.9872180807152401392e-08 -4.6889595510613898642e-08 0 0 0 0 0 1 0 0 0 1 0 0 0 1 0.077126172521476021871 -0.014787688295902157165 0.19999999999999928946 0.99999999999999777955 4.2236305883292061754e-08 -4.5677316276582324191e-08 -2.0531229317361001344e-08 0 0 
2 0 0 0 1 0 0 0 1 0 0 0 1 -0.091112177689289808313 -0.083218357037461387904 -0.20000000000000017764 0.99999999999994115818 3.3913927939210106373e-07 1.8388327940184162097e-08 -4.7420905035635441478e-08 0 0 0 0 0 1 0 0 0 1 0 0 0 1 0.085565983925047883751 -0.014003525918257153648 0.19999999999999928946 0.99999999999999777955 4.1358049304718406621e-08 -4.4836913865725735347e-08 -2.2294455673949103662e-08 0 0 
2 0 0 0 1 0 0 0 1 0 0 0 1 -0.1043908013662164791 -0.09488148457367273636 -0.20000000000000017764 0.99999999999994881872 3.1569444939457079881e-07 1.4423210337872378697e-08 -4.8782900255366499271e-08 0 0 0 0 0 1 0 0 0 1 0 0 0 1 0.13999733557662907835 -0.014114225727887230732 0.19999999999999928946 0.99999999999999777955 4.0548823465602716272e-08 -4.4152174926565079146e-08 -2.3619021845972029898e-08 0 0 
2 0 0 0 1 0 0 0 1 0 0 0 1 -0.094728518156198759925 -0.085030715184286620456 -0.20000000000000017764 0.99999999999995403677 2.9892124959325627494e-07 1.2702423921734957725e-08 -4.9299575616281774958e-08 0 0 0 0 0 1 0 0 0 1 0 0 0 1 0.1360099826754829766 -0.025793213589011543263 0.19999999999999928946 0.9999999999999980016 3.8764136595093114408e-08 -4.3898889148796890731e-08 -2.4075504367893124317e-08 0 0 
2 0 0 0 1 0 0 0 1 0 0 0 1 -0.10455489511298132754 -0.078633125060864728084 -0.20000000000000017764 0.99999999999994571009 3.2534196674207197115e-07 1.0087741968146096381e-08 -4.9908187580493333691e-08 0 0 0 0 0 1 0 0 0 1 0 0 0 1 0.15434782969138707842 -0.035838468679814994289 0.19999999999999928946 0.9999999999999980016 3.9924350506148699764e-08 -4.3712475996521368822e-08 -2.4421938967650374756e-08 0 0 
2 0 0 0 1 0 0 0 1 0 0 0 1 -0.1210539274053026304 -0.078417561207567487713 -0.20000000000000017764 0.99999999999993915978 3.4502002444795224538e-07 1.1880380779844713835e-08 -4.9509100579200423521e-08 0 0 0 0 0 1 0 0 0 1 0 0 0 1 0.1693040299513079161 -0.03644535049615704736 0.19999999999999928946 0.9999999999999980016 3.9511082017274014617e-08 -4.3830898206059873397e-08 -2.4205042133823622911e-08 0 0 
2 0 0 0 1 0 0 0 1 0 0 0 1 -0.13475359273713927166 -0.07843840980546623598 -0.20000000000000017764 0.99999999999994382271 3.3135169725391964664e-07 1.2082764695026794119e-08 -4.9462955380426974367e-08 0 0 0 0 0 1 0 0 0 1 0 0 0 1 0.14120523623181890915 -0.03616043570400329088 0.19999999999999928946 0.9999999999999980016 3.8990785933279505399e-08 -4.3753585296513272647e-08 -2.4344031852863206815e-08 0 0 
2 0 0 0 1 0 0 0 1 0 0 0 1 -0.14528195768361840123 -0.078404516111536537437 -0.20000000000000017764 0.99999999999995836664 2.8387790038283753486e-07 1.3297058509831872407e-08 -4.9148347166813569347e-08 0 0 0 0 0 1 0 0 0 1 0 0 0 1 0.1412052362318188814 -0.03616043570400329088 0.19999999999999928946 0.9999999999999980016 3.8801832094592727002e-08 -4.3737785671016468621e-08 -2.4369546755553855525e-08 0 0 
2 0 0 0 1 0 0 0 1 0 0 0 1 -0.1610968079906793804 -0.078164633197133071008 -0.20000000000000017764 0.9999999999999567013 2.8999282200571496864e-07 1.4013726384182797338e-08 -4.8937767788226374353e-08 0 0 0 0 0 1 0 0 0 1 0 0 0 1 0.14769456967262997726 -0.021749746144214654464 0.19999999999999928946 0.9999999999999980016 3.9083537517470369777e-08 -4.4037813368147468702e-08 -2.3827337613385781404e-08 0 0 
2 0 0 0 1 0 0 0 1 0 0 0 1 -0.17554348005604936134 -0.078453301832889010825 -0.20000000000000017764 0.99999999999995836664 2.8421501825291537585e-07 1.3402905032350868785e-08 -4.9068203715259589841e-08 0 0 0 0 0 1 0 0 0 1 0 0 0 1 0.14579942977092830159 -0.018391109538429262216 0.19999999999999928946 0.9999999999999980016 3.9927768716308066927e-08 -4.3695759295581201849e-08 -2.4455742396456475411e-08 0 0 
2 0 0 0 1 0 0 0 1 0 0 0 1 -0.18920332771875969513 -0.077908485129158933091 -0.20000000000000017764 0.99999999999995603517 2.920100403113041611e-07 1.39443395372202437e-08 -4.8907679215534002494e-08 0 0 0 0 0 1 0 0 0 1 0 0 0 1 0.13990607149216305327 -0.018391109538429262216 0.19999999999999928946 0.9999999999999980016 4.0140984855496854606e-08 -4.363631227535811062e-08 -2.4562146639511888928e-08 0 0 
2 0 0 0 1 0 0 0 1 0 0 0 1 -0.19801367232435040933 -0.077350230109514583887 -0.20000000000000017764 0.99999999999995781153 2.8617078302180062531e-07 1.317090534205867045e-08 -4.9117107587097117577e-08 0 0 0 0 0 1 0 0 0 1 0 0 0 1 0.12959771941965636533 -0.018334346854668837068 0.19999999999999928946 0.9999999999999980016 3.9704215193392479761e-08 -4.3678885255221763779e-08 -2.44811838266690226e-08 0 0 
2 0 0 0 1 0 0 0 1 0 0 0 1 -0.19937700183729134551 -0.077193103021128806063 -0.20000000000000017764 0.99999999999996291855 2.6731109003739641145e-07 1.4102547091915907803e-08 -4.8861639245303340648e-08 0 0 0 0 0 1 0 0 0 1 0 0 0 1 0.11852481295307448761 -0.018271486236882239496 0.19999999999999928946 0.99999999999999789058 4.0404891710199656803e-08 -4.3663979855390710368e-08 -2.4521373247904429608e-08 0 0 
2 0 0 0 1 0 0 0 1 0 0 0 1 -0.19999999999999928946 -0.072786564950588328315 -0.18864403043444699648 0.9999999999999721334 2.3039420665380651855e-07 2.2018065662377577588e-08 -4.5809240011323686204e-08 0 0 0 0 0 1 0 0 0 1 0 0 0 1 0.11426674843694550887 -0.018271486236882239496 0.19999999999999928946 0.99999999999999789058 3.9711758811900119122e-08 -4.3720206878428246496e-08 -2.4412520532868295579e-08 0 0 
2 0 0 0 1 0 0 0 1 0 0 0 1 -0.20000000000000017764 -0.055314911347716488876 -0.13402067529792027756 0.99999999999998889777 1.3974732516151989378e-07 2.6292234247410631043e-08 -4.3395453114617382877e-08 0 0 0 0 0 1 0 0 0 1 0 0 0 1 0.12063734508976853288 -0.046132766682834613903 0.19999999999999928946 0.99999999999999811262 3.6770056721646755055e-08 -4.3554600884232549924e-08 -2.4666980243115471331e-08 0 0 
0 
