0  0  0.946867
0  1  1.05494
0  2  0.551601
0  3  2.89194
0  4  3.59683
0  5  1.53495
0  6  1.76855
0  7  3.38606
0  8  6.54826
0  9  9.55326
0  10  9.36314
0  11  41.769
0  12  27.723
0  13  24.2896
0  14  41.7629
0  15  29.942
0  16  44.1214
0  17  84.7363
0  18  46.6774
0  19  58.8878
0  20  46.6176
0  21  47.1074
0  22  52.4231
0  23  31.0268
0  24  29.9779
0  25  39.4275
0  26  19.9951
0  27  7.05542
0  28  2.77514
0  29  3.03875
0  30  2.59999
0  31  5.81294
0  32  7.80898
0  33  11.8978
0  34  28.888
0  35  24.4206
0  36  56.5582
0  37  66.5647
0  38  13.2346
0  39  41.0114
0  40  19.4652
0  41  47.4734
0  42  2.33327
0  43  2.26174
0  44  2.71434
0  45  2.21742
0  46  2.46625
0  47  2.61138
0  48  1.50456
0  49  1.42935
0  50  1.16775
0  51  3.28252
0  52  3.64812
0  53  2.89651
0  54  1.78653
0  55  2.14924
0  56  1.25484
0  57  1.20311
0  58  1.45051
0  59  6.81291
0  60  1.80022
0  61  0.533556
0  62  1.76118
0  63  1.04184
0  64  0.290882
0  65  0.312579
0  66  1.31369
0  67  1.234
0  68  1.23924
0  69  1.55052
0  70  1.6694
0  71  0.803614
0  72  0.187105
0  73  0.287407
0  74  0.245836
0  75  0.267552
0  76  0.904262
0  77  0.622512
0  78  0.94501
0  79  1.03972
0  80  1.85791
0  81  0.590805
0  82  0.377476
1  0  0.606835
1  1  0.941466
1  2  2.04536
1  3  1.45785
1  4  1.5137
1  5  1.06661
1  6  0.779414
2  0  0.48754
2  1  0.415129
2  2  0.35044
2  3  0.290067
2  4  0.414094
2  5  1.43575
2  6  2.30486
2  7  2.68561
2  8  2.50726
2  9  2.33865
2  10  4.48865
2  11  6.19015
2  12  7.22165
2  13  12.0293
2  14  4.93834
2  15  5.25911
2  16  9.87419
2  17  1.72896
2  18  1.29352
2  19  1.01318
2  20  0.582081
2  21  0.391314
2  22  0.781032
2  23  0.618845
2  24  0.519606
2  25  0.599851
2  26  0.68942
2  27  1.26056
2  28  0.758652
2  29  2.25134
2  30  1.95624
2  31  1.93685
2  32  2.00693
2  33  23.8951
2  34  1.62029
2  35  1.56591
2  36  3.92273
2  37  2.42049
2  38  1.94171
2  39  1.44457
2  40  1.65955
2  41  1.04147
2  42  1.54949
2  43  0.869451
2  44  1.80814
2  45  0.25382
