0  0  0.89937
0  1  0.965485
0  2  0.589326
0  3  3.22712
0  4  4.95388
0  5  1.70305
0  6  1.96387
0  7  5.93844
0  8  8.21867
0  9  11.0589
0  10  11.2269
0  11  42.046
0  12  29.5063
0  13  24.2086
0  14  41.0557
0  15  32.082
0  16  42.8853
0  17  81.8524
0  18  43.9512
0  19  61.3505
0  20  47.0972
0  21  46.6182
0  22  56.4377
0  23  49.883
0  24  31.8236
0  25  43.1516
0  26  31.5333
0  27  14.222
0  28  6.05002
0  29  5.95481
0  30  5.4983
0  31  5.17485
0  32  5.4756
0  33  12.0939
0  34  30.0389
0  35  24.869
0  36  44.7997
0  37  41.0885
0  38  6.64977
0  39  22.425
0  40  7.57462
0  41  34.3741
0  42  2.69789
0  43  2.4439
0  44  2.79402
0  45  2.40797
0  46  2.73083
0  47  3.51556
0  48  1.716
0  49  1.60929
0  50  1.8284
0  51  5.08463
0  52  3.70475
0  53  2.97536
0  54  2.04043
0  55  1.74746
0  56  1.34955
0  57  1.32612
0  58  1.96009
0  59  8.06209
0  60  1.84628
0  61  0.538332
0  62  1.59306
0  63  1.37341
0  64  0.44761
0  65  0.404732
0  66  1.37007
0  67  1.18325
0  68  1.21631
0  69  1.7407
0  70  1.637
0  71  0.786109
0  72  0.213295
0  73  0.271835
0  74  0.272747
0  75  0.430018
0  76  1.11998
0  77  0.858704
0  78  0.95829
0  79  1.36627
0  80  2.27997
0  81  0.836827
0  82  0.489025
1  0  0.699254
1  1  1.11904
1  2  1.92388
1  3  1.9558
1  4  1.7571
1  5  1.49714
1  6  1.02637
2  0  0.561973
2  1  0.472079
2  2  0.310433
2  3  0.360933
2  4  0.496951
2  5  1.48967
2  6  2.51942
2  7  4.39486
2  8  4.24937
2  9  3.70606
2  10  6.52121
2  11  7.97619
2  12  7.4752
2  13  13.0899
2  14  8.17404
2  15  9.05501
2  16  14.2653
2  17  2.64989
2  18  1.66416
2  19  1.44196
2  20  0.578996
2  21  0.82277
2  22  1.05082
2  23  0.67404
2  24  0.539657
2  25  0.604191
2  26  0.806315
2  27  1.67794
2  28  0.905653
2  29  3.63714
2  30  2.89145
2  31  3.53881
2  32  3.64119
2  33  21.531
2  34  1.61676
2  35  1.54846
2  36  3.40098
2  37  2.9141
2  38  2.79872
2  39  1.95073
2  40  2.54941
2  41  1.56768
2  42  1.80886
2  43  1.08428
2  44  2.88
2  45  0.379317
