0  0  3.50748
0  1  1.21665
0  2  40.9032
0  3  60.487
0  4  105.156
0  5  113.535
0  6  72.6749
0  7  30.6309
0  8  18.3871
0  9  15.4511
0  10  11.2623
0  11  1.27539
0  12  1.6269
0  13  1.56412
0  14  1.69857
0  15  1.79525
0  16  2.05834
0  17  1.04591
0  18  1.01382
0  19  1.11322
0  20  0.931856
0  21  0.968807
0  22  17.7795
1  0  18.9819
1  1  54.2266
1  2  52.6914
1  3  90.0357
1  4  202.148
1  5  113.276
1  6  63.8683
1  7  24.8509
1  8  43.1765
1  9  2.51459
1  10  1.73536
1  11  1.44115
1  12  1.42326
1  13  1.92299
1  14  28.8963
1  15  41.642
1  16  52.7962
1  17  56.0138
1  18  43.2641
1  19  20.211
1  20  54.6964
1  21  50.3088
1  22  50.3772
1  23  1.94744
1  24  1.23511
1  25  1.45768
1  26  1.51729
1  27  1.47834
1  28  1.84991
1  29  2.32082
1  30  2.55204
1  31  3.82943
1  32  11.8589
1  33  15.5038
1  34  25.0617
1  35  7.6337
1  36  7.82919
1  37  20.8991
1  38  18.6057
1  39  6.07275
1  40  2.04614
1  41  1.90593
1  42  1.51757
1  43  1.94954
1  44  2.27064
1  45  1.27346
1  46  1.26995
1  47  1.98468
1  48  0.899501
1  49  0.986732
2  0  9.27258
2  1  8.95133
2  2  7.40637
2  3  7.19587
2  4  5.36138
2  5  10.5132
2  6  4.29664
2  7  4.34353
2  8  1.90764
2  9  1.69384
