0  0  1.05604
0  1  1.07198
0  2  1.7085
0  3  2.30741
0  4  0.309154
0  5  1.99598
0  6  2.35922
0  7  3.69771
0  8  2.31269
0  9  3.189
0  10  3.75436
0  11  3.65692
0  12  3.87918
0  13  2.30716
0  14  2.98862
1  0  24.0407
1  1  5.6657
1  2  12.7052
1  3  33.1095
1  4  9.91837
1  5  17.4434
1  6  2.58355
1  7  3.81187
1  8  2.90713
1  9  2.65737
2  0  1.29564
2  1  2.19029
2  2  2.62902
2  3  1.94344
2  4  2.14002
2  5  2.99345
2  6  5.18585
2  7  3.08587
2  8  2.74269
2  9  2.6251
2  10  1.8499
2  11  1.82039
2  12  2.28216
2  13  5.02738
2  14  6.24854
2  15  3.08608
2  16  6.79729
2  17  6.91278
2  18  2.68493
2  19  6.51976
2  20  3.06953
2  21  4.20853
2  22  6.09631
2  23  17.809
2  24  18.5456
2  25  14.4014
2  26  28.727
2  27  1.67087
2  28  1.39152
2  29  3.07014
2  30  2.29115
2  31  2.26124
2  32  2.69908
2  33  1.467
2  34  2.55541
2  35  2.28181
2  36  2.54712
2  37  2.63011
2  38  3.12528
2  39  3.42214
2  40  11.5805
2  41  13.3786
2  42  2.45624
2  43  4.97301
2  44  1.94922
2  45  1.62129
2  46  1.69508
2  47  2.4299
2  48  3.5058
2  49  4.7695
2  50  4.17611
2  51  5.19302
2  52  9.90676
2  53  11.5773
2  54  13.1519
2  55  87.7855
2  56  143.463
2  57  98.4913
2  58  8.71486
