0  0  0.813011
0  1  0.538045
0  2  43.9071
0  3  74.008
0  4  103.943
0  5  119.07
0  6  65.8926
0  7  40.4981
0  8  13.3559
0  9  16.6189
0  10  0.77286
0  11  1.05158
0  12  1.30149
0  13  1.21454
0  14  1.32131
0  15  1.51782
0  16  1.87737
0  17  0.85216
0  18  0.829959
0  19  0.961615
0  20  0.604574
0  21  0.603312
0  22  24.1444
1  0  8.52021
1  1  8.15135
1  2  6.45404
1  3  6.75438
1  4  4.52193
1  5  9.80289
1  6  3.04782
1  7  2.98362
1  8  1.52897
1  9  1.51308
2  0  1.7823
2  1  1.17917
2  2  0.796506
2  3  1.90495
2  4  1.68161
2  5  1.88924
2  6  0.796754
2  7  1.28525
2  8  1.09792
2  9  1.36164
2  10  1.62147
2  11  1.61793
2  12  1.27019
2  13  3.95283
2  14  6.57308
2  15  11.1305
2  16  15.0764
2  17  8.96842
2  18  7.975
2  19  8.96872
2  20  8.2032
2  21  7.12263
2  22  6.24643
2  23  10.6403
2  24  9.5838
2  25  11.3955
2  26  21.0434
2  27  1.8443
2  28  1.37389
2  29  1.84702
2  30  1.38563
2  31  0.972919
2  32  1.88
2  33  1.55377
2  34  1.86771
2  35  1.78783
2  36  1.56748
2  37  1.88437
2  38  1.97598
2  39  1.86189
2  40  10.7298
2  41  11.4649
2  42  4.37335
2  43  5.78032
2  44  2.32169
2  45  1.91399
2  46  1.65613
2  47  1.77111
2  48  2.70691
2  49  4.5433
2  50  7.82673
2  51  9.76517
2  52  8.39948
2  53  11.0126
2  54  13.3439
2  55  14.5674
2  56  82.6363
2  57  86.4299
2  58  1.34067
