0 0 0
0.00283585516267136 0.00283233390738855 6.59630576426744e-07
0.00567522765618329 0.00566114111977861 2.63445286650798e-06
0.00851811392659595 0.0084864158269816 5.91835960368981e-06
0.0113645104088897 0.0113081522299478 1.0505239393538e-05
0.0142144135269756 0.0141263445407855 1.63889767327454e-05
0.0170678196937066 0.0169409869827789 2.35634520284636e-05
0.01992472531089 0.019752073790406 3.20225416177732e-05
0.022785126769297 0.0225595992093574 4.17601177867326e-05
0.025649020448676 0.0253635574965538 5.27700487899921e-05
0.0285164027177624 0.0281639429201649 6.50461988698484e-05
0.0313872699342909 0.0309607497596267 7.85824282757522e-05
0.0342616184450071 0.0337539723056599 9.33725932836871e-05
0.0371394445856783 0.0365436048602879 0.000109410546215406
0.0400207446811057 0.0393296417368548 0.000126690135457942
0.0429055150451361 0.042112077260043 0.000145205205483089
0.0457937519806725 0.0448909057658917 0.000164949596866471
0.0486854517796868 0.0476661216018143 0.000185917146307309
0.0515806107232316 0.0504377191266163 0.000208101686647782
0.0544792250814506 0.0532056927105131 0.000231497046892293
0.0573813009306067 0.0559700263922337 0.000256100472420339
0.0602868542021051 0.0587306937358989 0.000281912621526922
0.06319588161677 0.0614876884698622 0.000308927442703218
0.0661083793273818 0.0642410049199547 0.00033713868632902
0.0690243434756623 0.0669906374237293 0.0003665400989715
0.0719437701922863 0.0697365803304786 0.000397125423405056
0.0748666555968947 0.0724788280012532 0.000428888398631238
0.077792995798106 0.0752173748088791 0.000461822759898765
0.0807227868935296 0.0779522151379763 0.000495922238723448
0.0836560249697778 0.080683343384976 0.000531180562908216
0.0865927061024781 0.083410753958139 0.00056759145656307
0.089532826356286 0.0861344412775734 0.000605148640125012
0.0924763817848973 0.0888543997752523 0.000643845830378163
0.0954233684310609 0.0915706238950314 0.000683676740473734
0.0983737823265916 0.094283108092667 0.000724635079950118
0.101327619492382 0.0969918468358335 0.000766714554752871
0.104284875938416 0.0996968346041412 0.000809908867254734
0.107245547663781 0.102398065889154 0.00085421171627581
0.110209630656681 0.105095535194405 0.00089961679710359
0.113177126561636 0.107789230755877 0.000946119619713777
0.116148053359682 0.110479122631046 0.000993720919474525
0.119122409143056 0.113165202819832 0.00104241503117549
0.122100189777266 0.115847465785172 0.00109219557433241
0.125081391116798 0.118525906002291 0.00114305616496369
0.128066009005125 0.121200517958721 0.00119499041561099
0.131054039274721 0.123871296154316 0.00124799193535982
0.134045477747077 0.126538235101273 0.00130205432986008
0.137040320232712 0.129201329324146 0.00135717120134664
0.140038562531188 0.131860573359866 0.00141333614865987
0.143040200431121 0.134515961757759 0.00147054276726636
0.146045229710198 0.13716748907956 0.00152878464927953
0.149053646135188 0.139815149899435 0.00158805538348021
0.152065445461957 0.142458938803998 0.00164834855533713
0.155080623435482 0.145098850392323 0.00170965774702798
0.158099175789861 0.147734879275969 0.00177197653745958
0.161121098248333 0.150367020078992 0.0018352985022889
0.164146386523288 0.152995267437965 0.00189961721394365
0.167175036316278 0.155619616001991 0.00196492624164283
0.170207045969735 0.158240057341984 0.00203121992573557
0.173242433181497 0.160856560406143 0.00209849824659589
0.176281198471875 0.16346911405182 0.00216675614721015
0.179323337414688 0.166077712891616 0.00223598712421387
0.18236884557279 0.168682351550986 0.00230618467107965
0.185417718498086 0.171283024668258 0.00237734227813828
0.18846995173154 0.173879726894648 0.0024494534326002
0.191525540803198 0.176472452894279 0.00252251161857634
0.194584481232196 0.179061197344201 0.00259651031709954
0.197646768526778 0.181645954934401 0.00267144300614553
0.200712398184308 0.184226720367827 0.00274730316065436
0.203781365691288 0.186803488360404 0.00282408425255138
0.20685366652337 0.189376253641047 0.0029017797507686
0.209929296145372 0.191945010951685 0.00298038312126595
0.213008250011289 0.194509755047272 0.00305988782705232
0.216090523564317 0.197070480695806 0.00314028732820711
0.219176112236857 0.199627182678349 0.00322157508190112
0.222265011450536 0.202179855789037 0.00330374454241818
0.225357216616221 0.204728494835106 0.00338678916117614
0.228452723911333 0.207273093683508 0.00347070259022206
0.231551548480677 0.209813622887702 0.00355548343800913
0.234653694259038 0.212350066624541 0.00364112735625579
0.237759156524851 0.214882419669141 0.00372762772734051
0.240867930545671 0.217410676810041 0.00381497793083203
0.243980011578187 0.219934832849215 0.00390317134351122
0.247095394868242 0.22245488260209 0.00399220133939277
0.250214075650843 0.224970820897566 0.00408206128974685
0.253336049150181 0.227482642578029 0.00417274456312097
0.256461310579645 0.229990342499372 0.0042642445253617
0.259589855141837 0.232493915531006 0.00435655453963631
0.262721678028589 0.234993356555885 0.00444966796645481
0.265856774420978 0.237488660470515 0.00454357816369143
0.268995139489343 0.239979822184975 0.0046382784866066
0.272136768393299 0.242466836622933 0.00473376228786875
0.275281656281753 0.244949698721662 0.00483002291757597
0.278429798292923 0.247428403432058 0.00492705372327801
0.28158118955435 0.249902945718653 0.00502484804999793
0.284735825182916 0.252373320559638 0.0051233992402541
0.287893700306036 0.254839522919522 0.00522270063895089
0.291054825376553 0.257301527933972 0.00532274910860589
0.294219208635149 0.259759313459633 0.00542354098067048
0.297386845061934 0.262212874447212 0.00552506953250028
0.300557729626251 0.2646622058614 0.00562732803901276
0.303731857286692 0.267107302680884 0.00573030977270944
0.306909222991117 0.269548159898367 0.00583400800369831
0.310089821676669 0.271984772520582 0.00593841599971592
0.313273648269789 0.274417135568313 0.00604352702614983
0.316460697686238 0.276845244076406 0.00614933434606081
0.319650964831108 0.279269093093789 0.00625583122020509
0.322844444598842 0.281688677683487 0.00636301090705679
0.326041131873251 0.284103992922639 0.00647086666283015
0.329241021527531 0.286515033902515 0.00657939174150184
0.332444108424277 0.288921795728529 0.00668857939483335
0.335650387415504 0.291324273520259 0.00679842287239324
0.338859853342663 0.293722462411462 0.0069089154215796
0.342072501036655 0.296116357550088 0.00702005028764225
0.345288325317852 0.298505954098299 0.00713182071370523
0.348507320996113 0.300891247232485 0.00724421994078905
0.351729492863121 0.303272218519403 0.00735724316480423
0.354954853241516 0.305648839136106 0.00747088703764538
0.358183397141679 0.308021103772081 0.00758514480639412
0.361415119232651 0.310389007581414 0.0077000096511822
0.364650014172865 0.312752545732745 0.00781547475011529
0.367888076610166 0.315111713409287 0.00793153327929559
0.371129301181826 0.317466505808838 0.0080481784128447
0.374373682514563 0.319816918143799 0.00816540332292645
0.37762121522456 0.322162945641191 0.00828320117976951
0.380871893917481 0.324504583542668 0.00840156515169041
0.384125713188491 0.326841827104536 0.00852048840511614
0.387382667622273 0.329174671597766 0.00863996410460709
0.390642751793045 0.331503112308013 0.0087599854128798
0.393905960264581 0.333827144535628 0.00888054549082983
0.397172287590226 0.336146763595678 0.00900163749755449
0.400441728312916 0.338461964817958 0.0091232545903758
0.403714276965196 0.340772743547006 0.00924538992486328
0.406989928069238 0.343079095142125 0.00936803665485666
0.41026867613686 0.345381014977389 0.00949118793248901
0.413550521462931 0.347678490109355 0.00961483783547548
0.416835478177266 0.349971487594097 0.0097389826407434
0.420123542283661 0.352260000439566 0.00986361570664469
0.423414708149656 0.35454402400262 0.00998873012900586
0.426708970132355 0.356823553655218 0.010114319002034
0.430006322578446 0.359098584784439 0.0102403754183399
0.433306759824219 0.361369112792497 0.0103668924689615
0.436610276195587 0.363635133096755 0.0104938632433869
0.439916866008101 0.365896641129742 0.0106212808295779
0.443226523566976 0.368153632339167 0.0107491383139929
0.446539243167103 0.370406102187936 0.0108774287816103
0.449855019093072 0.372654046154166 0.0110061453159521
0.453173845619191 0.374897459731201 0.0111352809991065
0.456495717009504 0.377136338427626 0.0112648289117518
0.459820627517813 0.379370677767282 0.0113947821331793
0.463148571387693 0.381600473289285 0.0115251337413168
0.466479542852515 0.383825720548035 0.0116558768127517
0.469813536135464 0.386046415113234 0.0117870044227544
0.473150545449558 0.388262552569903 0.0119185096453017
0.476490567786828 0.390474124281444 0.0120503858929104
0.479833616903665 0.392681096060952 0.0121826286086188
0.483179690677561 0.394883457702446 0.0123152312809744
0.486528783174252 0.397081204778957 0.0124481869325413
0.489880888449244 0.399274332879159 0.0125814885846868
0.493236000547828 0.401462837607385 0.0127151292576052
0.496594113505103 0.40364671458364 0.0128491019703419
0.499955221345994 0.405825959443617 0.0129833997408163
0.503319318085276 0.40800056783871 0.0131180155858462
0.50668639772759 0.410170535436033 0.0132529425211712
0.510056454267467 0.412335857918427 0.013388173561476
0.513429481689345 0.414496530984485 0.0135237017204147
0.516805473967592 0.416652550348556 0.0136595200106342
0.520184425066525 0.418803911740767 0.0137956214437978
0.523566328940432 0.420950610907036 0.013931999030609
0.526951179533591 0.423092643609082 0.0140686457808351
0.53033897078029 0.425230005624447 0.0142055547033312
0.533729696604849 0.427362692746502 0.0143427188060634
0.537123350921641 0.429490700784467 0.0144801310961329
0.540519928547108 0.431614024097926 0.014617784653476
0.543919440878928 0.433732630335432 0.0147556738883933
0.547321888420509 0.43584650449288 0.0148937923091984
0.550727264936465 0.437955642372875 0.0150321328768007
0.554135564181411 0.440060039794194 0.0151706885513508
0.55754677989998 0.4421596925918 0.0153094522922653
0.560960905826851 0.444254596616853 0.0154484170582502
0.564377935686766 0.446344747736727 0.0155875758073252
0.56779786319455 0.448430141835024 0.0157269214968477
0.571220682055139 0.450510774811587 0.0158664470835369
0.574646385963594 0.452586642582513 0.0160061455234977
0.578074968605127 0.454657741080171 0.0161460097722449
0.581506423655121 0.456724066253212 0.0162860327847272
0.584940744779154 0.458785614066584 0.0164262075153512
0.588377925633016 0.460842380501545 0.0165665269180056
0.591817959862736 0.462894361555679 0.0167069839460851
0.595260841104597 0.464941553242908 0.0168475715525145
0.598706562985166 0.466983951593506 0.0169882826897729
0.602155119121309 0.46902155265411 0.0171291103099173
0.605606503191363 0.471054352366579 0.0172700473671999
0.609060722502518 0.473082323413414 0.0174110873056536
0.612517780790969 0.475105444385882 0.0175522234158614
0.615977671521874 0.477123711329465 0.0176934486092036
0.619440388150651 0.479137120306331 0.0178347557967542
0.62290592412301 0.481145667395346 0.0179761378893054
0.626374272874965 0.483149348692087 0.0181175877973919
0.629845427832864 0.485148160308855 0.0182590984313154
0.633319382413411 0.487142098374692 0.0184006627011688
0.636796130023684 0.489131159035389 0.0185422735168605
0.640275664061163 0.491115338453504 0.0186839237881392
0.643757977913747 0.493094632808371 0.0188256064246177
0.647243064959785 0.495069038296117 0.0189673143357978
0.65073091856809 0.497038551129673 0.0191090404310942
0.654221532097966 0.499003167538787 0.0192507776198593
0.657714898899232 0.500962883770037 0.0193925188114072
0.661211012312242 0.502917696086845 0.0195342569150383
0.664709865667909 0.504867600769489 0.0196759848400636
0.66821145228773 0.506812594115114 0.0198176954958291
0.671715765483805 0.50875267243775 0.0199593817917403
0.675222807482847 0.510687815892563 0.0201010365271558
0.678732585241632 0.512617995899358 0.0202426524213353
0.682245092080637 0.514543208484576 0.0203842223469521
0.685760321158819 0.516463449966898 0.0205257391786339
0.689278265625717 0.518378716682204 0.0206671957911919
0.692798918621479 0.52028900498358 0.0208085850596458
0.696322273276883 0.522194311241333 0.0209498998592482
0.699848322713362 0.524094631843004 0.0210911330655091
0.703377060043027 0.525989963193377 0.0212322775542211
0.706908478368694 0.527880301714497 0.0213733262014833
0.710442570783901 0.529765643845678 0.0215142718837265
0.71397933037294 0.531645986043517 0.0216551074777378
0.717518750210876 0.533521324781907 0.0217958258606848
0.721060823363571 0.535391656552045 0.0219364199101408
0.724605542887711 0.537256977862452 0.022076882504109
0.728152901830825 0.539117285238977 0.0222172065210473
0.731702893231316 0.540972575224813 0.0223573848398932
0.735255510118477 0.54282284438051 0.0224974103400879
0.738810745512524 0.544668089283983 0.0226372759016014
0.742368597584579 0.546508296570528 0.0227769740681293
0.7459290746331 0.5483434331902 0.0229164967037653
0.749492170554571 0.550173493746956 0.0230558365930804
0.753057878215259 0.551998474828877 0.0231949865873246
0.756626190472342 0.553818373041717 0.0233339395384087
0.760197100173933 0.555633185008916 0.0234726882989291
0.763770600159111 0.557442907371613 0.0236112257221926
0.767346683257939 0.559247536788656 0.0237495446622415
0.770925342291493 0.561047069936614 0.0238876379738781
0.774506570071886 0.562841503509788 0.02402549851269
0.778090359402293 0.564630834220226 0.0241631191350747
0.781676703076975 0.566415058797727 0.0243004926982645
0.785265593881306 0.568194173989862 0.0244376120603512
0.788857024591797 0.569968176561976 0.0245744700803113
0.792450987976122 0.571737063297207 0.0247110596180305
0.796047476793141 0.573500830996491 0.0248473735343289
0.799646483792927 0.575259476478578 0.0249834046909855
0.803248001716792 0.57701299658004 0.025119145950763
0.806852023297309 0.578761388155283 0.0252545901774332
0.810458980607886 0.580503741460643 0.0253896759663441
0.814071489186914 0.582234607209444 0.0255240716554717
0.817689947135454 0.583953059197803 0.0256577186289769
0.821314311660828 0.585659077262241 0.0257906126701857
0.824944539900261 0.587352641386845 0.0259227495713595
0.828580588921387 0.5890337317035 0.0260541251337457
0.83222241572276 0.590702328492129 0.0261847351676268
0.835869977234365 0.592358412180926 0.0263145754923706
0.839523230318128 0.594001963346589 0.0264436419364796
0.843182131768431 0.595632962714546 0.0265719303376405
0.846846638312617 0.597251391159192 0.0266994365427739
0.850516706611515 0.598857229704107 0.026826156408083
0.854192293259944 0.600450459522288 0.0269520857991034
0.857873354787234 0.602031061936369 0.0270772205907518
0.861559847657739 0.603599018418844 0.0272015566673751
0.865251728271357 0.605154310592286 0.0273250899227991
0.868948952964043 0.606696920229566 0.0274478162603774
0.872651478008331 0.608226829254069 0.0275697315930399
0.876359259613851 0.609744019739907 0.0276908318433413
0.880072254466892 0.611248472583324 0.0278111128586868
0.883790426716652 0.612740150119774 0.0279305693517499
0.887513734936708 0.614219028067634 0.0280491970010127
0.891242134894995 0.61568508901769 0.0281669919378031
0.894975582298782 0.617138315713443 0.0282839503033708
0.898714032795196 0.618578691051316 0.0284000682489334
0.902457441971752 0.620006198080856 0.028515341935722
0.906205765356881 0.621420820004936 0.0286297675350273
0.909958958420462 0.622822540179958 0.0287433412282449
0.913716976574353 0.624211342116047 0.028856059206921
0.917479775172917 0.625587209477251 0.0289679176727975
0.92124730951356 0.626950126081734 0.0290789128378577
0.925019534837262 0.628300075901969 0.029189040924371
0.928796406329108 0.629637043064931 0.0292982981649383
0.932577879118824 0.63096101185228 0.0294066808025365
0.936363908281312 0.632271966700557 0.0295141850905635
0.940154448837183 0.633569892201363 0.0296208072928829
0.943949455753295 0.634854773101544 0.0297265436838684
0.947748883943291 0.636126594303374 0.0298313905484479
0.951552688325614 0.637385340691076 0.0299353441703008
0.955360828870523 0.638630981756893 0.0300383998216277
0.959173263556197 0.639863492600735 0.0301405532805971
0.962989946907109 0.641082858677313 0.0302418010561974
0.966810833396925 0.642289065598519 0.0303421396682468
0.970635877449054 0.643482099133603 0.0304415656474351
0.974465033437188 0.644661945209333 0.0305400755353652
0.978298255685849 0.645828589910173 0.0306376658845944
0.982135498470939 0.646982019478445 0.0307343332586754
0.985976716020279 0.648122220314494 0.0308300742321977
0.989821862514164 0.649249178976849 0.0309248853908287
0.993670892085907 0.650362882182389 0.0310187633313539
0.997523758822388 0.651463316806494 0.0311117046617181
1.0013804167646 0.65255046988321 0.031203706001066
1.00524081990821 0.653624328605398 0.0312947639797824
1.00910492220409 0.65468488032489 0.0313848752395323
1.01297267755889 0.65573211255264 0.0314740364333017
1.01684403983557 0.656766012958873 0.0315622442254371
1.02071896285396 0.657786569373231 0.0316494952916853
1.02459740039132 0.658793769784923 0.0317357863192338
1.02847930878134 0.65978759222549 0.0318211133031874
1.03236464509859 0.660768011409051 0.0319054721290095
1.03625336284868 0.661735015678656 0.0319888597052504
1.04014541547844 0.662688593608478 0.0320712729571865
1.0440407563947 0.66362873393375 0.0321527088217817
1.04793933896485 0.664555425550895 0.0322331642477239
1.0518411165174 0.665468657517659 0.0323126361954625
1.05574604234251 0.666368419053249 0.0323911216372439
1.05965406969261 0.667254699538455 0.0324686175571483
1.06356515178289 0.66812748851578 0.032545120951126
1.06747924179192 0.668986775689567 0.0326206288270329
1.07139629286218 0.66983255092612 0.0326951382046671
1.07531625810063 0.670664804253829 0.0327686461158039
1.07923909057928 0.671483525863284 0.0328411496042322
1.08316474333573 0.672288706107397 0.0329126457257892
1.08709316937376 0.67308033550152 0.0329831315483963
1.09102432166389 0.67385840472355 0.0330526041520938
1.09495815314393 0.674622904614051 0.0331210606290763
1.09889461671954 0.675373826176357 0.0331884980837275
1.10283366631841 0.67611115495734 0.0332549132230555
1.10677525745962 0.676834867601794 0.0333203022074884
1.1107193429538 0.677544954797766 0.0333846623212447
1.11466587543678 0.678241408159418 0.0334479909189439
1.11861480751498 0.678924219464902 0.0335102853676128
1.12256609176595 0.679593380656466 0.0335715430467176
1.12651968073894 0.680248883840545 0.0336317613481952
1.13047552695548 0.680890721287859 0.0336909376764843
1.13443358290994 0.681518885433505 0.0337490694485573
1.13839380107014 0.68213336887705 0.0338061540939507
1.14235613387786 0.682734164382616 0.0338621890547964
1.14632053374946 0.683321264878972 0.0339171717858524
1.15028695307644 0.683894663459614 0.0339710997545331
1.15425534422599 0.684454353382852 0.0340239704409404
1.1582256595416 0.68500032807189 0.0340757813378934
1.16219785134361 0.685532581114902 0.034126529950959
1.16617187192979 0.686051106265116 0.0341762137984815
1.17014767357591 0.686555897440881 0.0342248304116127
1.17412520853632 0.687046948725748 0.0342723773343417
1.1781044293578 0.687524251751381 0.0343188519247153
1.18208528982144 0.687987787406563 0.0343642508083893
1.18606774222931 0.688437548318236 0.0344085716234862
1.19005173862963 0.688873529201096 0.0344518121746052
1.19403723105202 0.689295724935975 0.0344939702793691
1.19802417150805 0.689704130569896 0.034535043768451
1.20201251199184 0.69009874131614 0.0345750304855999
1.20600220448063 0.690479552554296 0.0346139282876672
1.20999320093537 0.690846559830325 0.0346517350446324
1.21398545330127 0.691199758856606 0.0346884486396284
1.21797891350841 0.691539145511994 0.0347240669689677
1.2219735334723 0.691864715841866 0.0347585879421672
1.22596926509449 0.692176466058167 0.0347920094819736
1.22996606026311 0.692474392539463 0.0348243295243885
1.23396387085345 0.692758491830975 0.0348555460186931
1.2379626487286 0.69302876064463 0.0348856569274733
1.24196234573996 0.693285195859093 0.0349146602266438
1.24596291372786 0.693527794519809 0.0349425539054729
1.24996430452211 0.693756553839037 0.0349693359666062
1.25396646998958 0.693971470307621 0.034995004356056
1.25796936247878 0.694172530695864 0.0350195563192367
1.2619729338627 0.694359729526569 0.0350429898491329
1.26597713583122 0.694533064657568 0.035065303217454
1.26998192006658 0.694692534114143 0.0350864947094396
1.273987238244 0.694838136089051 0.0351065626238792
1.27799304203227 0.694969868942545 0.0351255052731338
1.28199928309427 0.695087731202393 0.0351433209831553
1.28600591308764 0.6951917215639 0.0351600080935075
1.2900128836653 0.695281838889918 0.0351755649573856
1.29402014647607 0.695358082210863 0.0351899899416365
1.29802765316522 0.695420450724728 0.0352032814267782
1.3020353553751 0.695468943797089 0.0352154378070196
1.30604320474568 0.695503560961114 0.0352264574902797
1.31005115291516 0.695524301917571 0.0352363388982071
1.31405915152054 0.69553116653483 0.0352450804661988
1.31806715219822 0.695524154848862 0.0352526806434192
1.32207510658456 0.695503267063242 0.0352591378928187
1.32608296631651 0.695468503549147 0.0352644506911526
1.33009068303029 0.695419864710107 0.0352686175179511
1.33409820824986 0.695357344047118 0.0352716363381598
1.33810549349106 0.695280938328238 0.0352735055296836
1.34211249031876 0.695190648578462 0.0352742238447962
1.34611915030133 0.695086475990712 0.0352737900496912
1.35012542501119 0.694968421925826 0.0352722029244974
1.35413126602545 0.694836487912543 0.0352694612632931
1.35813662492645 0.69469067564748 0.0352655638741211
1.36214145330236 0.694530986995114 0.0352605095790029
1.36614570274777 0.69435742398776 0.0352542972139527
1.37014932486428 0.694169988825547 0.0352469256289923
1.37415227126106 0.693968683876389 0.0352383936881639
1.37815449355547 0.693753511675956 0.0352287002695449
1.38215594337362 0.693524474927647 0.0352178442652605
1.38615657235097 0.693281576502555 0.035205824581498
1.39015633213289 0.693024819439431 0.0351926401385194
1.39415517437529 0.69275420694465 0.0351782898706747
1.39815305074515 0.69246974239217 0.0351627727264148
1.40214991292116 0.692171429323494 0.035146087668304
1.40614571259425 0.691859271447621 0.035128233673033
1.41014040116564 0.69153326897776 0.0351092094550333
1.41413392996535 0.691193421693431 0.0350890138414171
1.41812625066842 0.690839733785977 0.0350676460741421
1.42211731496502 0.69047220962016 0.0350451054098539
1.4261070745605 0.690090853728248 0.0350213911193977
1.43009548117601 0.689695670809963 0.0349965024878274
1.4340824865491 0.689286665732423 0.0349704388144135
1.43806804243426 0.688863843530082 0.0349431994126525
1.44205210060355 0.688427209404671 0.0349147836102744
1.44603461284714 0.687976768725134 0.0348851907492515
1.45001553097394 0.687512527027563 0.034854420185806
1.45399480681212 0.68703449001513 0.0348224712904178
1.45797239220979 0.686542663558021 0.0347893434478322
1.46194823903547 0.686037053693361 0.0347550360570675
1.46592229917875 0.685517666625145 0.0347195485314219
1.46989452455087 0.684984508724159 0.0346828802984809
1.47386486708525 0.684437586527905 0.0346450308001243
1.47783327873811 0.683876906740522 0.0346059994925326
1.48179971148907 0.683302476232704 0.0345657858461939
1.48576411714756 0.682714300747366 0.0345243892516463
1.48972644728094 0.682112384516579 0.0344818091094321
1.49368665389421 0.681496734779259 0.03443804514734
1.49764468903531 0.680867359057016 0.034393097117976
1.50160050477846 0.680224265037711 0.0343469647882878
1.50555405322477 0.679567460575359 0.0342996479395672
1.50950528650281 0.67889695369004 0.0342511463674533
1.5134541567692 0.678212752567796 0.0342014598819343
1.51740061620916 0.677514865560536 0.0341505883073504
1.52134461703713 0.676803301185932 0.0340985314823954
1.52528611149732 0.676078068127318 0.0340452892601191
1.5292250518643 0.675339175233584 0.033990861507929
1.53316139044358 0.674586631519068 0.0339352481075915
1.53709507957217 0.673820446163447 0.0338784489552339
1.54102607161918 0.673040628511629 0.0338204639613453
1.54495431898639 0.672247188073634 0.0337612930507778
1.5488797741088 0.671440134524483 0.0337009361627474
1.55280238945528 0.670619477704082 0.0336393932508347
1.55672211752904 0.669785227617096 0.0335766642829855
1.56063891083739 0.668937394291195 0.0335127492363799
1.56455272181322 0.668075987419364 0.0334476481778632
1.56846350304352 0.667201017405994 0.0333813613336769
1.57237120716836 0.666312494895381 0.0333138889538864
1.57627578686512 0.665410430695971 0.0332452313029164
1.580177194849 0.664494835780226 0.0331753886595474
1.58407538387362 0.663565721284493 0.033104361316913
1.58797030673158 0.662623098508869 0.0330321495824954
1.59186191625507 0.661666978917062 0.0329587537781226
1.59575016531638 0.660697374136254 0.0328841742399639
1.59963500682851 0.659714295956961 0.0328084113185258
1.60351639374574 0.658717756332889 0.0327314653786485
1.60739427906418 0.657707767380789 0.0326533367995003
1.61126861582237 0.656684341380309 0.0325740259745743
1.6151393571018 0.65564749077385 0.0324935333116824
1.61900645602755 0.654597228166409 0.0324118592329513
1.62286986576878 0.653533566325433 0.0323290041748171
1.62672953953935 0.652456518180656 0.0322449685880196
1.63058543059836 0.651366096823952 0.0321597529375975
1.63443749230607 0.65026231569981 0.0320733577218541
1.63828567857034 0.649145190114767 0.0319857836945627
1.64212994294735 0.648014734110931 0.0318970316209355
1.64597023890023 0.646870961402188 0.0318071022459419
1.64980651994018 0.645713885863643 0.0317159963288044
1.65363873962698 0.644543521531447 0.0316237146429888
1.65746685156958 0.643359882602631 0.0315302579761954
1.66129080942668 0.642162983434933 0.0314356271303489
1.66511056690726 0.640952838546621 0.0313398229215892
1.66892607777113 0.639729462616323 0.0312428461802613
1.67273729582953 0.638492870482845 0.0311446977509053
1.67654417494569 0.637243077144992 0.0310453784922458
1.68034666903533 0.635980097761388 0.0309448892771823
1.68414473206728 0.634703947650292 0.0308432309927779
1.68793831806401 0.63341464228941 0.0307404045402488
1.69172738110218 0.632112197315711 0.0306364108349536
1.69551187531322 0.630796628525237 0.0305312508063819
1.69929175488387 0.629467951872911 0.0304249253981432
1.70306697405674 0.628126183472342 0.0303174355679556
1.70683748717016 0.626771339703763 0.0302087822975218
1.71060324998333 0.625403440821559 0.0300989669751248
1.71436421763926 0.624022505291048 0.0299879909705859
1.71812034464967 0.622628549824123 0.0298758555171834
1.72187158558481 0.621221591290153 0.029762561862219
1.72561789507402 0.61980164671578 0.029648111267003
1.72935922780631 0.618368733284709 0.0295325050068386
1.73309553853086 0.616922868337507 0.029415744371007
1.7368267820576 0.615464069371386 0.0292978306627514
1.74055291325776 0.613992354039997 0.0291787651992614
1.74427388706438 0.612507740153212 0.0290585493116572
1.74798965847289 0.611010245676914 0.0289371843449731
1.75170018254166 0.609499888732773 0.0288146716581418
1.75540541439249 0.607976687598033 0.0286910126239774
1.75910530921121 0.606440660705286 0.0285662086291591
1.76279982224822 0.604891826642252 0.0284402610742146
1.76648890881898 0.603330204151556 0.0283131713735025
1.77017252430459 0.601755812130494 0.0281849409551961
1.77385062415234 0.600168669630814 0.0280555712612654
1.77752316387622 0.598568795858478 0.0279250637474599