0  0  0.871793
0  1  0.78005
0  2  1.206
0  3  5.69528
0  4  0.84947
0  5  1.3442
0  6  1.68899
0  7  2.82089
0  8  1.95101
0  9  2.48278
0  10  3.21046
0  11  2.76363
0  12  2.85808
0  13  1.73105
0  14  2.14865
1  0  19.8594
1  1  5.60568
1  2  11.4919
1  3  39.0995
1  4  11.9839
1  5  17.7597
1  6  2.26487
1  7  3.26989
1  8  2.50395
1  9  1.58477
2  0  3.63336
2  1  2.54601
2  2  1.85784
2  3  1.16018
2  4  1.37155
2  5  2.56053
2  6  4.55293
2  7  2.5982
2  8  2.40545
2  9  2.11601
2  10  1.80312
2  11  2.13126
2  12  2.88404
2  13  5.17151
2  14  6.28968
2  15  5.32018
2  16  4.24059
2  17  4.48829
2  18  4.54538
2  19  7.28329
2  20  3.46774
2  21  4.50632
2  22  3.55007
2  23  9.41846
2  24  10.3679
2  25  8.42156
2  26  16.4544
2  27  1.19449
2  28  1.25982
2  29  1.90755
2  30  1.42175
2  31  1.44211
2  32  1.75229
2  33  1.10717
2  34  1.97906
2  35  1.72703
2  36  2.02034
2  37  1.94516
2  38  2.60786
2  39  3.21438
2  40  12.4
2  41  13.3693
2  42  1.87189
2  43  3.69042
2  44  1.73797
2  45  1.32166
2  46  1.65631
2  47  2.52476
2  48  3.5185
2  49  5.36189
2  50  3.88404
2  51  4.45402
2  52  7.77581
2  53  8.57166
2  54  7.04953
2  55  20.1621
2  56  39.5128
2  57  72.8816
2  58  6.23594
