2 0 0 0 1 0 0 0 1 0 0 0 1 -0.2000000000000000111 -0.015371239999999999556 -0.026554290000000001226 0.99999990626562840212 -0.00024993748177408909054 -0.00025006248176757863572 0.00024993748177408903633 0 0 0 0 0 1 0 0 0 1 0 0 0 1 -0.0048288999999999996857 -0.077185660000000003156 -0.0059290200000000001235 0.9999999062681277362 -0.00024993248302487006606 0.00025006247926822884175 -0.00024993248302487006606 0 0 
2 0 0 0 1 0 0 0 1 0 0 0 1 -0.17677941999999999267 -0.052280880000000001795 0.016384550000000001196 0.99999990626562840212 -0.00024993748177408909054 -0.00025006248176757863572 0.00024993748177408903633 0 0 0 0 0 1 0 0 0 1 0 0 0 1 -0.017964600000000000707 0.058483250000000000512 -0.04827826999999999813 0.99999992921468816576 -0.0002500284805441019189 0.0002459759519832969369 0.00013620649247336280661 0 0 
2 0 0 0 1 0 0 0 1 0 0 0 1 -0.16577997999999999346 -0.052226080000000001113 0.017169279999999998571 0.99999990626562840212 -0.00024993748177408909054 -0.00025006248176757863572 0.00024993748177408903633 0 0 0 0 0 1 0 0 0 1 0 0 0 1 -0.017964970000000000244 -0.030138149999999998968 0.035047769999999998924 0.99999992921263647361 0.0002499664566139863796 0.00024602406504516962336 0.00013624849369589612244 0 0 
2 0 0 0 1 0 0 0 1 0 0 0 1 -0.10447923000000000626 -0.075035630000000005935 -0.014262270000000000503 0.99999990626562840212 -0.00024993748177408909054 -0.00025006248176757863572 0.00024993748177408903633 0 0 0 0 0 1 0 0 0 1 0 0 0 1 -0.015305150000000000005 -0.0083452800000000000591 -0.023723689999999998668 0.99999992821479377625 0.00024996590169315199836 0.00025002907350842176271 0.000136282492308049762 0 0 
2 0 0 0 1 0 0 0 1 0 0 0 1 0.0088678200000000002162 -0.12658975000000000088 0.056434610000000003105 0.99999990626562840212 -0.00024993748177408909054 -0.00025006248176757863572 0.00024993748177408903633 0 0 0 0 0 1 0 0 0 1 0 0 0 1 -0.019646190000000000875 -0.013968329999999999289 -0.044499900000000001954 0.99999990623812928803 0.00025006247801856641309 0.00024993248427518252814 -0.00025005248051882883941 0 0 
2 0 0 0 1 0 0 0 1 0 0 0 1 0.01022452000000000083 -0.134357559999999987 0.066655039999999998734 0.99999990623562873271 -0.0002500624805178912162 0.00024993248177455771241 0.00025006248051789116199 0 0 0 0 0 1 0 0 0 1 0 0 0 1 0.014784790000000000779 0.042008909999999996532 -0.067194190000000000862 0.99999990626687806916 0.0002499374830244014984 -0.00025005748176804747443 -0.0002499374830244014984 0 0 
2 0 0 0 1 0 0 0 1 0 0 0 1 0.052045050000000002421 -0.14892127999999998922 0.11067915999999999865 0.99999990626562840212 -0.00024993748177408909054 -0.00025006248176757863572 0.00024993748177408903633 0 0 0 0 0 1 0 0 0 1 0 0 0 1 0.048850900000000002654 -0.043592129999999999768 -0.021716079999999998718 0.99999992820195637844 -0.00025003406350942661155 0.00024996591101247725777 0.00013636749105698538881 0 0 
2 0 0 0 1 0 0 0 1 0 0 0 1 0.052728520000000000945 -0.13106430999999998943 0.06938718000000000663 0.99999990626562840212 -0.00024993748177408909054 -0.00025006248176757863572 0.00024993748177408903633 0 0 0 0 0 1 0 0 0 1 0 0 0 1 0.080805000000000001825 -0.059588200000000000889 -0.0062673700000000004059 0.99999990626687806916 -0.0002499374830244014984 0.00025005748176804747443 -0.0002499374830244014984 0 0 
2 0 0 0 1 0 0 0 1 0 0 0 1 0.01496033000000000085 -0.18842921000000001364 0.11585531999999999775 0.99999990626562840212 -0.00024993748177408909054 -0.00025006248176757863572 0.00024993748177408903633 0 0 0 0 0 1 0 0 0 1 0 0 0 1 0.019342829999999998358 0.019891369999999998497 -0.01296052999999999962 0.99999990626562840212 -0.00024993748177408909054 0.00025006248176757863572 -0.00024993748177408903633 0 0 
2 0 0 0 1 0 0 0 1 0 0 0 1 0.071958599999999997565 -0.17010871999999999105 0.103054670000000001 0.99999990626562840212 -0.00024993748177408909054 -0.00025006248176757863572 0.00024993748177408903633 0 0 0 0 0 1 0 0 0 1 0 0 0 1 0.16271931000000000589 -0.12539569999999999883 -0.0048517799999999999816 0.99999990623437839954 0.00025006248176757863572 -0.00024993748177408903633 0.00025006248176757863572 0 0 
2 0 0 0 1 0 0 0 1 0 0 0 1 0.041769830000000000847 -0.14682294000000001288 0.083789989999999994752 0.99999990626562840212 -0.00024993748177408909054 -0.00025006248176757863572 0.00024993748177408903633 0 0 0 0 0 1 0 0 0 1 0 0 0 1 -0.017965040000000001563 -0.10052524000000000182 -0.065090860000000000385 0.99999990623812928803 0.00025006247801856641309 -0.00024992748302533879636 0.00025005747926867258118 0 0 
2 0 0 0 1 0 0 0 1 0 0 0 1 0.094385869999999996716 -0.17631842999999999821 0.11499563999999999619 0.99999990626562840212 -0.00024993748177408909054 -0.00025006248176757863572 0.00024993748177408903633 0 0 0 0 0 1 0 0 0 1 0 0 0 1 0.0072601000000000002338 -0.035970519999999998884 -0.050862119999999996778 0.9999999062681277362 0.0002499374842746889154 -0.00025005748051836005491 -0.00024993248302487006606 0 0 
2 0 0 0 1 0 0 0 1 0 0 0 1 0.086883459999999995693 -0.19156943000000001276 0.10064346999999999877 0.99999990626562840212 -0.00024993748177408909054 -0.00025006248176757863572 0.00024993748177408903633 0 0 0 0 0 1 0 0 0 1 0 0 0 1 -0.0058278399999999999301 0.010185200000000000156 -0.056123100000000002152 0.99999990726354659465 0.00024993848825345861032 0.00024604248089281436631 0.00024993348702370986108 0 0 
2 0 0 0 1 0 0 0 1 0 0 0 1 0.10043918999999999764 -0.17323089999999999322 0.11489251000000000325 0.99999990626562840212 -0.00024993748177408909054 -0.00025006248176757863572 0.00024993748177408903633 0 0 0 0 0 1 0 0 0 1 0 0 0 1 -0.017965040000000001563 -0.048521880000000003341 -0.065916980000000000017 0.99999992920364477733 0.00024996643884441318607 0.0002460190837930071369 0.00013632349494075438534 0 0 
2 0 0 0 1 0 0 0 1 0 0 0 1 0.088474259999999999016 -0.19912250000000000782 0.12425848999999999922 0.99999990626562840212 -0.00024993748177408909054 -0.00025006248176757863572 0.00024993748177408903633 0 0 0 0 0 1 0 0 0 1 0 0 0 1 0.043566639999999996757 -0.088203970000000006535 -0.042356619999999997606 0.99999990623562873271 0.00025006248051789116199 0.0002499374830244014984 -0.00025005748176804742022 0 0 
2 0 0 0 1 0 0 0 1 0 0 0 1 0.059696699999999998376 -0.18832240999999999564 0.11820137000000000005 0.99999990626562840212 -0.00024993748177408909054 -0.00025006248176757863572 0.00024993748177408903633 0 0 0 0 0 1 0 0 0 1 0 0 0 1 0.031925170000000002712 -0.1456086299999999889 -0.04457633999999999902 0.99999992921743785512 0.00024996644990398658205 0.00024597407879686441915 0.00013630350619367901321 0 0 
2 0 0 0 1 0 0 0 1 0 0 0 1 0.09415914000000000228 -0.1651929199999999931 0.10574922999999999962 0.99999990626562840212 -0.00024993748177408909054 -0.00025006248176757863572 0.00024993748177408903633 0 0 0 0 0 1 0 0 0 1 0 0 0 1 0.0098326699999999999519 -0.059140270000000001727 -0.019755919999999999731 0.99999992916695934486 -0.00025002857429262101202 0.00024595085322379835104 0.00013660148619635699408 0 0 
2 0 0 0 1 0 0 0 1 0 0 0 1 0.080459169999999996525 -0.17852239000000000302 0.11352336000000000371 0.99999990626562840212 -0.00024993748177408909054 -0.00025006248176757863572 0.00024993748177408903633 0 0 0 0 0 1 0 0 0 1 0 0 0 1 -0.011730310000000000736 -0.014828650000000000511 -0.046457730000000002635 0.99999992822887373567 0.00024995092226508654285 0.00025003405021799794423 0.00013619749481449150191 0 0 
2 0 0 0 1 0 0 0 1 0 0 0 1 0.083917489999999997363 -0.189531420000000006 0.12346969000000000694 0.99999990626562840212 -0.00024993748177408909054 -0.00025006248176757863572 0.00024993748177408903633 0 0 0 0 0 1 0 0 0 1 0 0 0 1 0.02954274000000000136 0.018345960000000001433 -0.010977350000000000302 0.99999992920854852141 0.00024996644923326431526 0.00024602407254416307431 0.0001362784936937723988 0 0 
2 0 0 0 1 0 0 0 1 0 0 0 1 0.014143849999999999478 -0.16650991000000001097 0.095927230000000002219 0.99999990626562840212 -0.00024993748177408909054 -0.00025006248176757863572 0.00024993748177408903633 0 0 0 0 0 1 0 0 0 1 0 0 0 1 -0.014994580000000000408 -0.036313360000000002858 0.027371550000000001435 0.99999990722910891972 0.00025006147953629618685 0.00024593248339780873638 -0.00025005648076642246046 0 0 
2 0 0 0 1 0 0 0 1 0 0 0 1 0.038280200000000000338 -0.15871519000000000599 0.089287690000000002888 0.99999990626562840212 -0.00024993748177408909054 -0.00025006248176757863572 0.00024993748177408903633 0 0 0 0 0 1 0 0 0 1 0 0 0 1 0.031889439999999998065 -0.0052276900000000001145 0.012116369999999999571 0.99999992920979841049 0.00024996144923361817433 0.00024602407186277063184 0.00013627849492389276093 0 0 
2 0 0 0 1 0 0 0 1 0 0 0 1 -0.0041382499999999995677 -0.15908488000000001183 0.076403680000000001593 0.99999990626562840212 -0.00024993748177408909054 -0.00025006248176757863572 0.00024993748177408903633 0 0 0 0 0 1 0 0 0 1 0 0 0 1 0.032741369999999998808 -0.00092900999999999997036 0.020776409999999998629 0.99999992920979841049 0.00024996144923361817433 0.00024602407186277063184 0.00013627849492389276093 0 0 
2 0 0 0 1 0 0 0 1 0 0 0 1 0.02077767999999999976 -0.14678257999999999583 0.072729050000000003418 0.99999990626562840212 -0.00024993748177408909054 -0.00025006248176757863572 0.00024993748177408903633 0 0 0 0 0 1 0 0 0 1 0 0 0 1 -0.002798899999999999999 -0.0054837000000000002062 -0.014528020000000000864 0.9999999291966863435 -0.00025003351539663550875 0.00024596091379830138744 0.00013635648994312621059 0 0 
2 0 0 0 1 0 0 0 1 0 0 0 1 0.0049076500000000003801 -0.13394185000000000119 0.058761359999999998593 0.99999990626562840212 -0.00024993748177408909054 -0.00025006248176757863572 0.00024993748177408903633 0 0 0 0 0 1 0 0 0 1 0 0 0 1 0.044264949999999997354 0.049959780000000002242 0.040502200000000002089 0.99999990722662834841 0.00025006148201565101593 0.00024593748214703778972 -0.00025006148201565096172 0 0 
2 0 0 0 1 0 0 0 1 0 0 0 1 0.040879340000000000122 -0.13067908000000000301 0.077180750000000006295 0.99999990623437839954 -0.00025006248176757863572 -0.00024993748177408903633 -0.00025006248176757863572 0 0 0 0 0 1 0 0 0 1 0 0 0 1 0.043440430000000002098 -0.024634900000000001241 0.039473080000000000667 0.99999992920775404581 0.00024996144554325722348 0.00024602407561219241184 0.00013629349492283093976 0 0 
2 0 0 0 1 0 0 0 1 0 0 0 1 0.014902189999999999187 -0.18567934999999999302 0.10085354000000000541 0.99999990626562840212 -0.00024993748177408909054 -0.00025006248176757863572 0.00024993748177408903633 0 0 0 0 0 1 0 0 0 1 0 0 0 1 0.013959340000000000637 -0.020052360000000001711 0.043021549999999998681 0.99999992920979841049 0.00024996144923361817433 0.00024602407186277063184 0.00013627849492389276093 0 0 
2 0 0 0 1 0 0 0 1 0 0 0 1 -0.049004369999999998486 -0.18828539999999999166 0.061243999999999999828 0.99999990626562840212 -0.00024993748177408909054 -0.00025006248176757863572 0.00024993748177408903633 0 0 0 0 0 1 0 0 0 1 0 0 0 1 -0.087340000000000000968 -0.078539490000000003467 -0.029950080000000000452 0.99999990725983767259 -0.00024993848452263143969 0.0002460524821415790704 -0.00024993848452263138548 0 0 
2 0 0 0 1 0 0 0 1 0 0 0 1 0.13248394999999998922 -0.096110539999999994309 0.073995400000000002838 0.99999990626562840212 -0.00024993748177408909054 -0.00025006248176757863572 0.00024993748177408903633 0 0 0 0 0 1 0 0 0 1 0 0 0 1 0.0022704100000000000496 -0.046759660000000001501 -0.029096319999999998435 0.99999992919177937978 -0.00025003352578348389968 0.00024595590254714700361 0.00013640148869010766501 0 0 
2 0 0 0 1 0 0 0 1 0 0 0 1 -0.069446939999999998672 -0.11711710000000000176 0.042947209999999999552 0.99999990626562840212 -0.00024993748177408909054 -0.00025006248176757863572 0.00024993748177408903633 0 0 0 0 0 1 0 0 0 1 0 0 0 1 0.035641920000000000546 -0.021703000000000000069 0.049022389999999999022 0.99999992919302960193 -0.00025002852578383781296 0.00024595590322915440555 0.00013640148746032812184 0 0 
2 0 0 0 1 0 0 0 1 0 0 0 1 -0.016197650000000000936 -0.16282737999999999379 0.082879120000000000568 0.99999990626562840212 -0.00024993748177408909054 -0.00025006248176757863572 0.00024993748177408903633 0 0 0 0 0 1 0 0 0 1 0 0 0 1 0.16194974000000000869 0.14669483999999999302 0.1754615200000000097 0.9999999291957574199 -0.0002500285208647198029 0.00024595590822972483854 0.00013638148746174423576 0 0 
2 0 0 0 1 0 0 0 1 0 0 0 1 -0.14040125999999999995 -0.094435649999999995985 0.019360010000000000413 0.99999990626562840212 -0.00024993748177408909054 -0.00025006248176757863572 0.00024993748177408903633 0 0 0 0 0 1 0 0 0 1 0 0 0 1 0.14582797999999999594 0.088133009999999997741 0.16175696000000000518 0.99999992919302960193 -0.00025002852578383781296 0.00024595590322915440555 0.00013640148746032812184 0 0 
2 0 0 0 1 0 0 0 1 0 0 0 1 -0.1168372500000000036 -0.11172675999999999441 0.038299470000000002123 0.99999990626562840212 -0.00024993748177408909054 -0.00025006248176757863572 0.00024993748177408903633 0 0 0 0 0 1 0 0 0 1 0 0 0 1 0.071368000000000000882 0.018455960000000000421 0.093887049999999999672 0.99999992919302960193 -0.00025002852578383781296 0.00024595590322915440555 0.00013640148746032812184 0 0 
2 0 0 0 1 0 0 0 1 0 0 0 1 -0.095523209999999997288 -0.041023839999999998918 0.030765910000000000479 0.99999990623437839954 -0.00025006248176757863572 -0.00024993748177408903633 -0.00025006248176757863572 0 0 0 0 0 1 0 0 0 1 0 0 0 1 0.16397011000000000225 0.010383929999999999549 0.18217511999999999595 0.99999992919302960193 -0.00025002852578383781296 0.00024595590322915440555 0.00013640148746032812184 0 0 
2 0 0 0 1 0 0 0 1 0 0 0 1 -0.0060154900000000000732 -0.096693080000000000696 0.093659870000000006174 0.99999990626562840212 -0.00024993748177408909054 -0.00025006248176757863572 0.00024993748177408903633 0 0 0 0 0 1 0 0 0 1 0 0 0 1 0.044029659999999998243 -0.0074488899999999996782 0.13286074000000000495 0.99999992921740454843 0.0002499664652248284537 0.00024602405629634346981 0.00013621349369837354253 0 0 
2 0 0 0 1 0 0 0 1 0 0 0 1 -0.024492779999999998719 -0.17083628000000000702 0.12451188000000000533 0.99999990626562840212 -0.00024993748177408909054 -0.00025006248176757863572 0.00024993748177408903633 0 0 0 0 0 1 0 0 0 1 0 0 0 1 -0.022716170000000000806 0.043291429999999998801 0.2000000000000000111 0.99999990725983767259 0.00024993848452263143969 0.0002460524821415790704 0.00024993848452263138548 0 0 
2 0 0 0 1 0 0 0 1 0 0 0 1 -0.0081530600000000001681 -0.11760993999999999615 0.14851011000000000073 0.99999990626562840212 -0.00024993748177408909054 -0.00025006248176757863572 0.00024993748177408903633 0 0 0 0 0 1 0 0 0 1 0 0 0 1 0.047354720000000002922 -0.12131400000000000516 0.074555140000000005851 0.99999992919234759192 -0.00025002852701361743745 0.00024595590197901178375 0.00013640648745997410013 0 0 
2 0 0 0 1 0 0 0 1 0 0 0 1 0.11549468000000000234 -0.090759000000000006336 0.030857220000000001175 0.99999990626562840212 -0.00024993748177408909054 -0.00025006248176757863572 0.00024993748177408903633 0 0 0 0 0 1 0 0 0 1 0 0 0 1 0.095174300000000003341 0.015159699999999999911 0.072116079999999999073 0.99999992919302960193 -0.00025002852578383781296 0.00024595590322915440555 0.00013640148746032812184 0 0 
2 0 0 0 1 0 0 0 1 0 0 0 1 0.17396642000000001049 -0.07414579999999999782 0.064381430000000003377 0.99999990626562840212 -0.00024993748177408909054 -0.00025006248176757863572 0.00024993748177408903633 0 0 0 0 0 1 0 0 0 1 0 0 0 1 0.078677300000000005564 0.081766309999999994829 -0.014834659999999999513 0.99999992918825486576 -0.00025002853439229431702 0.0002459558944781558361 0.00013643648745784980728 0 0 
2 0 0 0 1 0 0 0 1 0 0 0 1 -0.03661132000000000275 -0.19999993999999998717 0.027684090000000001475 0.99999990623437839954 -0.00025006248176757863572 0.00024993748177408903633 0.00025006248176757863572 0 0 0 0 0 1 0 0 0 1 0 0 0 1 0.046112140000000002849 0.032444989999999999941 0.042780140000000001221 0.99999992821422534206 -0.00024996590226128488719 -0.00025003407225823324946 0.00013627749105823833945 0 0 
2 0 0 0 1 0 0 0 1 0 0 0 1 0.077241139999999999799 -0.18803684000000001064 0.0059533499999999996144 0.99999990626562840212 -0.00024993748177408909054 -0.00025006248176757863572 0.00024993748177408903633 0 0 0 0 0 1 0 0 0 1 0 0 0 1 0.040437380000000001934 0.025962510000000001142 0.10628614999999999591 0.99999990723033915785 -0.00025005647951673005362 0.00024592748339827264197 0.00025006147828662877086 0 0 
2 0 0 0 1 0 0 0 1 0 0 0 1 0.080395629999999995707 -0.12655573000000000516 -0.01917388999999999899 0.99999990626687806916 -0.0002499374830244014984 -0.00025005748176804747443 0.0002499374830244014984 0 0 0 0 0 1 0 0 0 1 0 0 0 1 0.063264059999999996964 -0.014414810000000000123 0.081772970000000000379 0.99999992821763195039 0.00024996590851213666565 0.00025003406600908561997 0.00013625249106003295093 0 0 
2 0 0 0 1 0 0 0 1 0 0 0 1 -0.051049749999999997907 -0.10222137000000000584 -0.010318249999999999297 0.99999990626562840212 -0.00024993748177408909054 -0.00025006248176757863572 0.00024993748177408903633 0 0 0 0 0 1 0 0 0 1 0 0 0 1 0.052427290000000001391 -0.051318130000000003466 0.025846350000000000574 0.99999992919439351091 -0.00025002852332427883504 0.00024595590572943959494 0.00013639148746103616524 0 0 
2 0 0 0 1 0 0 0 1 0 0 0 1 -0.052680900000000002725 -0.072201899999999999413 -0.016287289999999999407 0.99999990626562840212 -0.00024993748177408909054 -0.00025006248176757863572 0.00024993748177408903633 0 0 0 0 0 1 0 0 0 1 0 0 0 1 0.019285170000000000784 -0.13643783000000000993 0.14819187999999999805 0.99999990626562840212 -0.00024993748177408909054 -0.00025006248176757863572 0.00024993748177408903633 0 0 
2 0 0 0 1 0 0 0 1 0 0 0 1 0.010296430000000000513 -0.024926890000000000158 -0.016115359999999998714 0.99999990626562840212 -0.00024993748177408909054 -0.00025006248176757863572 0.00024993748177408903633 0 0 0 0 0 1 0 0 0 1 0 0 0 1 -0.017965060000000001444 -0.047848279999999999978 0.092882900000000004348 0.99999992821547523114 -0.0002499609022616437878 -0.00025003407157684579432 0.00013627749230840866261 0 0 
2 0 0 0 1 0 0 0 1 0 0 0 1 0.033711030000000002937 -0.076922729999999994721 -0.05720758000000000093 0.99999990626562840212 -0.00024993748177408909054 -0.00025006248176757863572 0.00024993748177408903633 0 0 0 0 0 1 0 0 0 1 0 0 0 1 -0.077793089999999995299 -0.083337629999999995878 -0.0097731299999999996647 0.99999992885723310021 -0.00025002912591549745786 0.00024595529315881922705 0.00013884148728715063354 0 0 
2 0 0 0 1 0 0 0 1 0 0 0 1 0.016064539999999998682 -0.0081387400000000002104 -0.074353559999999999097 0.99999990626562840212 -0.00024993748177408909054 -0.00025006248176757863572 0.00024993748177408903633 0 0 0 0 0 1 0 0 0 1 0 0 0 1 -0.017964999999999998331 -0.062144169999999998577 0.057132650000000000101 0.99999992918825486576 -0.00025002853439229431702 0.0002459558944781558361 0.00013643648745784980728 0 0 
2 0 0 0 1 0 0 0 1 0 0 0 1 -0.12195852999999999555 0.010183470000000000022 -0.10323801000000000505 0.99999990626562840212 -0.00024993748177408909054 -0.00025006248176757863572 0.00024993748177408903633 0 0 0 0 0 1 0 0 0 1 0 0 0 1 -0.017965040000000001563 -0.070489399999999993729 0.046860230000000002715 0.99999992920854852141 0.00024996644923326431526 0.00024602407254416307431 0.0001362784936937723988 0 0 
2 0 0 0 1 0 0 0 1 0 0 0 1 -0.19999998999999998861 0.0069878700000000001924 -0.11073421999999999432 0.99999990626562840212 -0.00024993748177408909054 -0.00025006248176757863572 0.00024993748177408903633 0 0 0 0 0 1 0 0 0 1 0 0 0 1 -0.017965040000000001563 -0.077512650000000002382 0.0561360899999999996 0.99999992920854852141 0.00024996644923326431526 0.00024602407254416307431 0.0001362784936937723988 0 0 
2 0 0 0 1 0 0 0 1 0 0 0 1 -0.12841357000000000466 -0.071223069999999999435 -0.076382530000000004033 0.99999990626687806916 -0.0002499374830244014984 -0.00025005748176804747443 0.0002499374830244014984 0 0 0 0 0 1 0 0 0 1 0 0 0 1 -0.017965010000000000007 -0.062102959999999998719 0.071365620000000004608 0.9999999291916654709 -0.00025002852824339700773 0.00024595590072886916195 0.00013641148745962005133 0 0 
2 0 0 0 1 0 0 0 1 0 0 0 1 -0.088583159999999994128 0.014650089999999999293 -0.055912820000000001963 0.99999990626562840212 -0.00024993748177408909054 -0.00025006248176757863572 0.00024993748177408903633 0 0 0 0 0 1 0 0 0 1 0 0 0 1 -0.017965040000000001563 -0.079655970000000006492 0.046890769999999998285 0.99999992919302960193 -0.00025002852578383781296 0.00024595590322915440555 0.00013640148746032812184 0 0 
2 0 0 0 1 0 0 0 1 0 0 0 1 -0.062579209999999996228 -0.0091099300000000004579 -0.13044337999999999766 0.99999990626687806916 -0.0002499374830244014984 -0.00025005748176804747443 0.0002499374830244014984 0 0 0 0 0 1 0 0 0 1 0 0 0 1 -0.017817070000000000823 -0.087720770000000003463 0.042829730000000003354 0.99999991690151290857 -0.00025004580626722427202 0.00024903897797844500896 0.0002040922571311057517 0 0 
2 0 0 0 1 0 0 0 1 0 0 0 1 -0.021135210000000001496 -0.036901990000000002567 -0.052749890000000000667 0.99999990626562840212 -0.00024993748177408909054 -0.00025006248176757863572 0.00024993748177408903633 0 0 0 0 0 1 0 0 0 1 0 0 0 1 -0.017965040000000001563 -0.079655970000000006492 0.031038799999999998336 0.99999992919302960193 -0.00025002852578383781296 0.00024595590322915440555 0.00013640148746032812184 0 0 
2 0 0 0 1 0 0 0 1 0 0 0 1 -0.074429860000000000464 -0.031452960000000002028 -0.052749909999999997079 0.99999990623437839954 0.00025006248176757863572 -0.00024993748177408903633 0.00025006248176757863572 0 0 0 0 0 1 0 0 0 1 0 0 0 1 -0.017965040000000001563 -0.079655970000000006492 -0.05027037000000000172 0.99999992919302960193 -0.00025002852578383781296 0.00024595590322915440555 0.00013640148746032812184 0 0 
2 0 0 0 1 0 0 0 1 0 0 0 1 -0.076695289999999999297 0.0052473499999999995841 -0.11904032999999999975 0.99999990623437839954 -0.00025006248176757863572 0.00024993748177408903633 0.00025006248176757863572 0 0 0 0 0 1 0 0 0 1 0 0 0 1 -0.018442770000000000691 -0.080131990000000000163 0.039314929999999997934 0.99999993560633726464 -0.00025001037818683780316 6.149750111527153612e-05 0.00025000037880245674655 0 0 
2 0 0 0 1 0 0 0 1 0 0 0 1 -0.045101830000000002474 1.70799999999999991e-05 -0.052749890000000000667 0.99999990664686233544 -0.00024993786436939354097 -0.00025006209936293878095 0.00024840748191721069528 0 0 0 0 0 1 0 0 0 1 0 0 0 1 0.011713470000000000132 -0.10887776999999999872 0.03971157000000000159 0.9999999062681277362 0.00024992748177502644271 0.00025006247926820385089 0.00024993748427471390626 0 0 
2 0 0 0 1 0 0 0 1 0 0 0 1 -0.064906010000000000093 0.0037515000000000000603 -0.12066517000000000215 0.99999990626562840212 -0.00024993748177408909054 -0.00025006248176757863572 0.00024993748177408903633 0 0 0 0 0 1 0 0 0 1 0 0 0 1 -0.017481239999999998586 -0.079181689999999999019 0.0040876300000000000828 0.99999990648528513937 -0.00025005723192443791471 0.00024983270683556459612 0.00024916745435877478768 0 0 
2 0 0 0 1 0 0 0 1 0 0 0 1 -0.051659209999999997076 -0.0064155999999999996017 -0.052749909999999997079 0.99999990626562840212 -0.00024993748177408909054 -0.00025006248176757863572 0.00024993748177408903633 0 0 0 0 0 1 0 0 0 1 0 0 0 1 0.026063730000000000231 -0.07965590999999999644 0.043894660000000002009 0.99999992919710112282 -0.00025003351772356430596 0.00024595091004850648444 0.00013637148744239955341 0 0 
2 0 0 0 1 0 0 0 1 0 0 0 1 -0.016063830000000001164 -0.01468024000000000065 -0.052749890000000000667 0.99999990626562840212 -0.00024993748177408909054 -0.00025006248176757863572 0.00024993748177408903633 0 0 0 0 0 1 0 0 0 1 0 0 0 1 -0.017965080000000001326 -0.079655959999999997878 0.048099730000000000263 0.99999992919177937978 -0.00025003352578348389968 0.00024595590254714700361 0.00013640148869010766501 0 0 
2 0 0 0 1 0 0 0 1 0 0 0 1 0.016687540000000000706 -0.031009169999999999096 -0.052749869999999997316 0.99999990623437839954 -0.00025006248176757863572 0.00024993748177408903633 0.00025006248176757863572 0 0 0 0 0 1 0 0 0 1 0 0 0 1 -0.015655499999999999278 0.004733069999999999812 0.10956931999999999783 0.99999990623437839954 -0.00025006248176757863572 -0.00024993748177408903633 -0.00025006248176757863572 0 0 
2 0 0 0 1 0 0 0 1 0 0 0 1 0.00083416000000000002298 -0.0030663800000000000605 -0.052749890000000000667 0.99999990626562840212 -0.00024993748177408909054 -0.00025006248176757863572 0.00024993748177408903633 0 0 0 0 0 1 0 0 0 1 0 0 0 1 0.043337750000000001271 -0.10383409000000000388 -0.0024741899999999998096 0.99999992921354763364 0.00024994644923468013102 0.0002460240698185931418 0.0001362784986142538473 0 0 
2 0 0 0 1 0 0 0 1 0 0 0 1 0.023743380000000001429 0.0089251099999999999879 -0.052749890000000000667 0.99999990623437839954 -0.00025006248176757863572 -0.00024993748177408903633 -0.00025006248176757863572 0 0 0 0 0 1 0 0 0 1 0 0 0 1 0.048663699999999997237 -0.11681954999999999423 0.0052827500000000001193 0.99999992921229796661 0.00024995144923432616353 0.00024602407049998569269 0.00013627849738413351228 0 0 
2 0 0 0 1 0 0 0 1 0 0 0 1 0.03902018000000000153 0.048024730000000001584 -0.052749909999999997079 0.99999990626687806916 -0.0002499374830244014984 0.00025005748176804747443 -0.0002499374830244014984 0 0 0 0 0 1 0 0 0 1 0 0 0 1 0.043615969999999996964 -0.17633225999999999067 0.065138470000000003868 0.99999990623562873271 -0.0002500624805178912162 0.00024993248177455771241 0.00025006248051789116199 0 0 
2 0 0 0 1 0 0 0 1 0 0 0 1 0.027226139999999999369 -0.017008369999999998351 -0.052749919999999998754 0.99999990626562840212 -0.00024993748177408909054 -0.00025006248176757863572 0.00024993748177408903633 0 0 0 0 0 1 0 0 0 1 0 0 0 1 -0.073033609999999998807 -0.079655850000000000266 0.10173625000000000029 0.99999990623437839954 -0.00025006248176757863572 0.00024993748177408903633 0.00025006248176757863572 0 0 
2 0 0 0 1 0 0 0 1 0 0 0 1 0.091900830000000002795 -0.019912820000000001214 -0.052749900000000002342 0.99999990626562840212 -0.00024993748177408909054 -0.00025006248176757863572 0.00024993748177408903633 0 0 0 0 0 1 0 0 0 1 0 0 0 1 -0.048706239999999997869 -0.13418569999999999109 0.19999998999999998861 0.99999990623437839954 -0.00025006248176757863572 -0.00024993748177408903633 -0.00025006248176757863572 0 0 
2 0 0 0 1 0 0 0 1 0 0 0 1 0.013983100000000000043 0.031693579999999998975 -0.12359887999999999431 0.99999990626562840212 -0.00024993748177408909054 -0.00025006248176757863572 0.00024993748177408903633 0 0 0 0 0 1 0 0 0 1 0 0 0 1 -0.017965060000000001444 -0.079655970000000006492 0.0564647299999999977 0.99999992919302960193 -0.00025002852578383781296 0.00024595590322915440555 0.00013640148746032812184 0 0 
2 0 0 0 1 0 0 0 1 0 0 0 1 -0.027946660000000001639 0.082476850000000004326 -0.041811380000000002155 0.99999990626562840212 -0.00024993748177408909054 -0.00025006248176757863572 0.00024993748177408903633 0 0 0 0 0 1 0 0 0 1 0 0 0 1 -0.018521710000000000257 -0.076773069999999998814 0.1923860799999999871 0.99999992919041535977 -0.00025003352824304298603 0.00024595590004681172408 0.00013641148868939956739 0 0 
2 0 0 0 1 0 0 0 1 0 0 0 1 0.10347177000000000457 0.097459210000000004448 -0.043630450000000001176 0.99999990626562840212 -0.00024993748177408909054 -0.00025006248176757863572 0.00024993748177408903633 0 0 0 0 0 1 0 0 0 1 0 0 0 1 -0.071256570000000005183 -0.056786870000000003178 0.16088907999999998988 0.99999992919177937978 -0.00025003352578348389968 0.00024595590254714700361 0.00013640148869010766501 0 0 
2 0 0 0 1 0 0 0 1 0 0 0 1 0.093649629999999997598 0.010104619999999999921 -0.10343325999999999909 0.99999990626562840212 -0.00024993748177408909054 -0.00025006248176757863572 0.00024993748177408903633 0 0 0 0 0 1 0 0 0 1 0 0 0 1 -0.10939184000000000407 0.044442959999999996634 0.2000000000000000111 0.99999990626687806916 -0.0002499374830244014984 0.00025005748176804747443 -0.0002499374830244014984 0 0 
2 0 0 0 1 0 0 0 1 0 0 0 1 0.071853860000000005503 -0.0057862900000000003567 0.0017199400000000000972 0.9999999062681277362 -0.00024992748177502644271 -0.00025006247926820385089 0.00024993748427471390626 0 0 0 0 0 1 0 0 0 1 0 0 0 1 0.13148920000000000052 -0.19730988999999998779 0.1119259300000000068 0.99999990623687895486 0.00025005748051836005491 0.0002499374842746889154 -0.0002500574805183600007 0 0 
2 0 0 0 1 0 0 0 1 0 0 0 1 0.072368890000000005158 -0.028200039999999999135 -0.17604318999999998829 0.99999990623437839954 -0.00025006248176757863572 0.00024993748177408903633 0.00025006248176757863572 0 0 0 0 0 1 0 0 0 1 0 0 0 1 -0.039120420000000002969 -0.10113719000000000181 0.073645879999999996901 0.99999990982345321466 0.00024994113676013847642 0.00024964392641905737511 0.0002357125868570868611 0 0 
2 0 0 0 1 0 0 0 1 0 0 0 1 0.12753951999999998956 -0.010497779999999999959 -0.03776378999999999847 0.99999991123769593759 0.00022918248367241161314 -0.00024994270302422473204 0.00025005726301844912384 0 0 0 0 0 1 0 0 0 1 0 0 0 1 0.010801190000000000443 -0.054361489999999998424 0.1816204100000000099 0.999999915328497746 0.00024994725962167391523 0.00024928787030169171626 0.00021148267649370375287 0 0 
2 0 0 0 1 0 0 0 1 0 0 0 1 0.11486788000000000554 -0.024202419999999998795 -0.11185839999999999672 0.99999990626562840212 -0.00024993748177408909054 -0.00025006248176757863572 0.00024993748177408903633 0 0 0 0 0 1 0 0 0 1 0 0 0 1 -0.017965040000000001563 -0.079655970000000006492 0.13700022000000000588 0.99999992919302960193 -0.00025002852578383781296 0.00024595590322915440555 0.00013640148746032812184 0 0 
2 0 0 0 1 0 0 0 1 0 0 0 1 0.14565196999999999172 -0.046509799999999996978 -0.03658109999999999834 0.99999990626562840212 -0.00024993748177408909054 -0.00025006248176757863572 0.00024993748177408903633 0 0 0 0 0 1 0 0 0 1 0 0 0 1 -0.017965040000000001563 -0.079655970000000006492 0.15640564000000001244 0.99999992919302960193 -0.00025002852578383781296 0.00024595590322915440555 0.00013640148746032812184 0 0 
2 0 0 0 1 0 0 0 1 0 0 0 1 0.16486906000000001171 -0.10036201999999999623 -0.1922108999999999901 0.99999990626687806916 -0.0002499374830244014984 -0.00025006248051789127041 0.00024993248177455771241 0 0 0 0 0 1 0 0 0 1 0 0 0 1 0.12175948000000000326 -0.087604299999999996063 0.159418520000000008 0.99999990623562873271 0.00025006248051789116199 -0.0002499374830244014984 0.00025005748176804742022 0 0 
2 0 0 0 1 0 0 0 1 0 0 0 1 0.081331109999999998128 -0.086186979999999996371 -0.042073439999999996675 0.99999990626562840212 -0.00024993748177408909054 -0.00025006248176757863572 0.00024993748177408903633 0 0 0 0 0 1 0 0 0 1 0 0 0 1 0.020672860000000001235 -0.017199260000000000936 0.044709859999999997104 0.99999992918632263361 -0.00025003353562171981139 0.00024595589254580577706 0.00013644148868727519323 0 0 
2 0 0 0 1 0 0 0 1 0 0 0 1 0.10363687000000000593 -0.047239490000000002035 -0.2000000000000000111 0.99999990623437839954 -0.00025006248176757863572 0.00024993748177408903633 0.00025006248176757863572 0 0 0 0 0 1 0 0 0 1 0 0 0 1 0.03291046000000000249 0.0134734099999999999 0.2000000000000000111 0.99999990628312251939 -0.00024993749927746246146 -0.00025004246927257930749 0.00024988748678002477809 0 0 
2 0 0 0 1 0 0 0 1 0 0 0 1 0.17754564000000000457 0.090404380000000006401 -0.16247529999999998918 0.99999990623437839954 -0.00025006248176757863572 -0.00024993748177408903633 -0.00025006248176757863572 0 0 0 0 0 1 0 0 0 1 0 0 0 1 -0.017965100000000001207 -0.18090745999999999216 0.15258437999999999168 0.99999992919041535977 -0.00025003352824304298603 0.00024595590004681172408 0.00013641148868939956739 0 0 
2 0 0 0 1 0 0 0 1 0 0 0 1 0.079623120000000005558 -0.087810490000000004929 -0.2000000000000000111 0.99999990627187651526 0.00024991248177643236254 -0.00025006247551914153812 -0.00024993748802565102143 0 0 0 0 0 1 0 0 0 1 0 0 0 1 -0.017965180000000000732 -0.13820996999999998756 0.19478996000000001199 0.99999990623437839954 -0.00025006248176757863572 0.00024993748177408903633 0.00025006248176757863572 0 0 
2 0 0 0 1 0 0 0 1 0 0 0 1 0.087537400000000001321 -0.050031649999999996958 -0.16678234000000000115 0.99999990626562840212 -0.00024993748177408909054 -0.00025006248176757863572 0.00024993748177408903633 0 0 0 0 0 1 0 0 0 1 0 0 0 1 -0.01877198000000000061 -0.080453899999999994863 0.061350080000000001279 0.99999995879916858676 -0.00024999195341813396478 2.1854845907010082379e-05 -0.00013938454026888298198 0 0 
2 0 0 0 1 0 0 0 1 0 0 0 1 0.053392799999999997207 -0.037941950000000002063 -0.19999998999999998861 0.99999990626562840212 -0.00024993748177408909054 -0.00025006248176757863572 0.00024993748177408903633 0 0 0 0 0 1 0 0 0 1 0 0 0 1 -0.018595549999999998886 -0.080302840000000000331 -0.0044817299999999997417 0.99999991485986694517 -0.00025004816767411970797 -0.00024994680124291573367 -0.00021279748384701695219 0 0 
2 0 0 0 1 0 0 0 1 0 0 0 1 0.044758449999999998237 -0.050114270000000002425 -0.17279231000000000451 0.99999990626562840212 -0.00024993748177408909054 -0.00025006248176757863572 0.00024993748177408903633 0 0 0 0 0 1 0 0 0 1 0 0 0 1 -0.017957250000000000989 -0.079648189999999993716 -0.0038532800000000001599 0.99999992857865893647 -0.00025002950678563399395 0.00024632995934295782211 0.00014017658092723626851 0 0 
2 0 0 0 1 0 0 0 1 0 0 0 1 -0.031165370000000001266 0.041886460000000000359 -0.013061669999999999184 0.99999990623812928803 -0.00025006247801851643137 0.00024992248177549506458 0.00025006247801851643137 0 0 0 0 0 1 0 0 0 1 0 0 0 1 -0.017965040000000001563 -0.079655970000000006492 -0.0038608700000000001872 0.99999992919302960193 -0.00025002852578383781296 0.00024595590322915440555 0.00013640148746032812184 0 0 
2 0 0 0 1 0 0 0 1 0 0 0 1 0.039122770000000001156 0.026122510000000001562 -0.051622080000000000743 0.99999990626687806916 -0.0002499374830244014984 -0.00025006248051789127041 0.00024993248177455771241 0 0 0 0 0 1 0 0 0 1 0 0 0 1 -0.018145959999999999174 -0.079837320000000003284 -0.0040426500000000000629 0.99999994753320597951 -0.00025000417595805651599 0.00020083856114229544851 4.5775209127764619874e-05 0 0 
2 0 0 0 1 0 0 0 1 0 0 0 1 0.047196500000000002339 -0.030188440000000000413 -0.198161250000000011 0.99999990626562840212 -0.00024993748177408909054 -0.00025006248176757863572 0.00024993748177408903633 0 0 0 0 0 1 0 0 0 1 0 0 0 1 -0.017966449999999998394 -0.079657359999999996503 -0.003862289999999999994 0.99999992929313941126 -0.00025002836803436319715 0.00024588105325152795604 0.00013580146875566764678 0 0 
2 0 0 0 1 0 0 0 1 0 0 0 1 0.087058350000000006563 0.032862330000000002095 -0.017632040000000001601 0.99999990623437839954 0.00025006248176757863572 -0.00024993748177408903633 0.00025006248176757863572 0 0 0 0 0 1 0 0 0 1 0 0 0 1 -0.046569159999999998334 -0.087652789999999994319 0.17790306999999999649 0.99999992919302960193 -0.00025002852578383781296 0.00024595590322915440555 0.00013640148746032812184 0 0 
2 0 0 0 1 0 0 0 1 0 0 0 1 0.123328649999999998 0.040675469999999998294 -0.0029052499999999998465 0.99999990626687806916 -0.0002499374830244014984 -0.00025006248051789127041 0.00024993248177455771241 0 0 0 0 0 1 0 0 0 1 0 0 0 1 -0.018141239999999999449 -0.079819749999999994872 -0.0040227199999999995947 0.9999999556647364285 -0.00025000355839465673771 0.00015156586972372789487 5.6537891796798961993e-05 0 0 
2 0 0 0 1 0 0 0 1 0 0 0 1 0.066663200000000005785 0.013102990000000000123 -0.051895740000000002701 0.99999990623687895486 -0.00025006247926822878754 0.00024993248302487017449 0.0002500574805183600007 0 0 0 0 0 1 0 0 0 1 0 0 0 1 -0.017965040000000001563 -0.079655970000000006492 -0.0038608700000000001872 0.99999992919302960193 -0.00025002852578383781296 0.00024595590322915440555 0.00013640148746032812184 0 0 
2 0 0 0 1 0 0 0 1 0 0 0 1 0.13647449000000000385 -0.064910609999999993591 -0.19999997999999999387 0.99999990623437839954 -0.00025006248176757863572 0.00024993748177408903633 0.00025006248176757863572 0 0 0 0 0 1 0 0 0 1 0 0 0 1 -0.018493039999999998785 -0.080173480000000005297 -0.0043674400000000002109 0.99999996119978329379 -0.00024999409837950963605 5.3267689234116526794e-05 -0.00011075168615534495534 0 0 
2 0 0 0 1 0 0 0 1 0 0 0 1 0.069559599999999999209 -0.072659680000000004263 -0.19610130000000000616 0.99999990623437839954 -0.00025006248176757863572 0.00024993748177408903633 0.00025006248176757863572 0 0 0 0 0 1 0 0 0 1 0 0 0 1 -0.018210259999999998948 -0.07989875000000000449 -0.0041010999999999998844 0.99999995302436028854 -0.00024999815526922778731 0.00017643551363239634057 1.7964108277233502357e-05 0 0 
2 0 0 0 1 0 0 0 1 0 0 0 1 0.027766200000000001297 0.023152809999999999363 -0.05509398000000000073 0.99999990626687806916 -0.0002499374830244014984 -0.00025006248051789127041 0.00024993248177455771241 0 0 0 0 0 1 0 0 0 1 0 0 0 1 -0.017965040000000001563 -0.079655970000000006492 -0.0038608700000000001872 0.99999992919302960193 -0.00025002852578383781296 0.00024595590322915440555 0.00013640148746032812184 0 0 
2 0 0 0 1 0 0 0 1 0 0 0 1 0.15388776000000001232 0.022838199999999999473 -0.17622757999999999479 0.99999990623437839954 -0.00025006248176757863572 0.00024993748177408903633 0.00025006248176757863572 0 0 0 0 0 1 0 0 0 1 0 0 0 1 -0.04373268000000000294 0.0099491600000000002951 -0.052123910000000002463 0.99999995233620642132 -0.00024999897821441336267 0.00017981945347832060294 2.2204954297573153022e-05 0 0 
2 0 0 0 1 0 0 0 1 0 0 0 1 0.052548900000000002553 0.02340263999999999886 -0.056127639999999999476 0.99999990626687806916 -0.0002499374830244014984 -0.00025006248051789127041 0.00024993248177455771241 0 0 0 0 0 1 0 0 0 1 0 0 0 1 -0.017965040000000001563 -0.079655970000000006492 -0.0038608700000000001872 0.99999992919302960193 -0.00025002852578383781296 0.00024595590322915440555 0.00013640148746032812184 0 0 
2 0 0 0 1 0 0 0 1 0 0 0 1 0.10761611999999999567 0.075625570000000003068 -0.035268910000000000537 0.99999990623687895486 -0.00025006247926820385089 0.00024992748177502649692 0.00025006247926820379668 0 0 0 0 0 1 0 0 0 1 0 0 0 1 -0.017995890000000000497 -0.079686489999999998712 -0.0038911200000000000822 0.99999993161608813352 -0.00025002463538514402503 0.00024384959751857967483 0.00012162596106555198549 0 0 
2 0 0 0 1 0 0 0 1 0 0 0 1 0.028832639999999999658 0.053913099999999998524 -0.055512029999999996932 0.99999990623562873271 -0.0002500624805178912162 0.00024993248177455771241 0.00025006248051789116199 0 0 0 0 0 1 0 0 0 1 0 0 0 1 -0.018004530000000001227 -0.079695039999999994773 -0.0038993999999999999148 0.99999993230824768542 -0.00025002352893709110879 0.00024304563517327590219 0.00011747576012535748289 0 0 
2 0 0 0 1 0 0 0 1 0 0 0 1 0.066461010000000000919 0.050111240000000001338 -0.058424419999999997744 0.99999990626562840212 -0.00024993748177408909054 -0.00025006248176757863572 0.00024993748177408903633 0 0 0 0 0 1 0 0 0 1 0 0 0 1 -0.070480749999999994793 -0.054521529999999998606 -0.0034125900000000000678 0.99999990652016346182 -0.00025005719695248257006 0.00024982774059375590942 0.00024903245312173316562 0 0 
2 0 0 0 1 0 0 0 1 0 0 0 1 0.065645850000000005586 0.049229210000000002412 -0.059006000000000002892 0.99999990626562840212 -0.00024993748177408909054 -0.00025006248176757863572 0.00024993748177408903633 0 0 0 0 0 1 0 0 0 1 0 0 0 1 -0.018012099999999999639 -0.079702579999999995097 -0.0039069500000000001796 0.99999993293009681317 -0.00025002255107751237108 0.00024221654406293791702 0.00011384055289772468194 0 0 
2 0 0 0 1 0 0 0 1 0 0 0 1 0.02968290999999999985 0.015628260000000001456 -0.061723399999999997712 0.99999990626562840212 -0.00024993748177408909054 -0.00025006248176757863572 0.00024993748177408903633 0 0 0 0 0 1 0 0 0 1 0 0 0 1 -0.017985720000000000179 -0.079676549999999998763 -0.0038812700000000000325 0.99999993083483340595 -0.00025002588673944984524 0.00024465341859412697515 0.00012634116196288502736 0 0 
2 0 0 0 1 0 0 0 1 0 0 0 1 0.10895899000000000556 0.029876030000000001335 -0.057228439999999998478 0.99999990643784730793 -0.0002499376543171419069 -0.00025006230931065662887 0.000249247481838706271 0 0 0 0 0 1 0 0 0 1 0 0 0 1 -0.018003060000000001284 -0.07969368000000000285 -0.0038982499999999998055 0.99999993221382177389 -0.00025002368350236222694 0.00024315048890235509789 0.00011806078633219909302 0 0 
2 0 0 0 1 0 0 0 1 0 0 0 1 0.02939251999999999837 0.01921513999999999861 -0.071430620000000000225 0.9999999062681277362 -0.00024993748427471390626 -0.00025006247926820385089 0.00024992748177502644271 0 0 0 0 0 1 0 0 0 1 0 0 0 1 -0.017999210000000001597 -0.079689899999999994074 -0.0038945400000000001545 0.99999993190422253875 -0.00025002417459839536978 0.00024352503008297321876 0.00011989587994479574274 0 0 
2 0 0 0 1 0 0 0 1 0 0 0 1 0.07130506000000000344 0.031536490000000000355 -0.070411379999999995638 0.99999990623437839954 -0.00025006248176757863572 0.00024993748177408903633 0.00025006248176757863572 0 0 0 0 0 1 0 0 0 1 0 0 0 1 -0.018014129999999999726 -0.079704559999999993747 -0.0039089900000000002075 0.99999993310332857543 -0.00025002228003471587423 0.00024197179535187307098 0.00011283549172299024688 0 0 
2 0 0 0 1 0 0 0 1 0 0 0 1 0.026541579999999998646 0.019421540000000001025 -0.073590719999999998358 0.99999990626687806916 -0.0002499374830244014984 -0.00025006248051789127041 0.00024993248177455771241 0 0 0 0 0 1 0 0 0 1 0 0 0 1 -0.017965040000000001563 -0.079655970000000006492 -0.0038608700000000001872 0.99999992919302960193 -0.00025002852578383781296 0.00024595590322915440555 0.00013640148746032812184 0 0 
2 0 0 0 1 0 0 0 1 0 0 0 1 0.050194040000000002266 0.01942750999999999853 -0.056015040000000002052 0.99999990626562840212 -0.00024993748177408909054 -0.00025006248176757863572 0.00024993748177408903633 0 0 0 0 0 1 0 0 0 1 0 0 0 1 -0.017990180000000001448 -0.079680950000000000388 -0.0038857200000000000593 0.99999993119220864646 -0.00025002531424658482788 0.00024429895867390832203 0.00012418107337454166775 0 0 
2 0 0 0 1 0 0 0 1 0 0 0 1 0.13171791999999998835 0.044529800000000001325 -0.19999998999999998861 0.99999990626562840212 -0.00024993748177408909054 -0.00025006248176757863572 0.00024993748177408903633 0 0 0 0 0 1 0 0 0 1 0 0 0 1 -0.017823800000000000754 -0.079515849999999999032 -0.0037218400000000001308 0.99999991726539472214 -0.00025004536290304264085 0.00024901441806074599934 0.00020233225102842872971 0 0 
2 0 0 0 1 0 0 0 1 0 0 0 1 0.065381610000000006666 0.051303569999999999729 -0.17158981000000000927 0.99999990626562840212 -0.00024993748177408909054 -0.00025006248176757863572 0.00024993748177408903633 0 0 0 0 0 1 0 0 0 1 0 0 0 1 -0.10577298000000000255 -0.048558539999999997261 -0.016411089999999999706 0.99999990680226158446 -0.00025005691348830850736 0.00024978301316014485259 0.00024794244197649150307 0 0 
2 0 0 0 1 0 0 0 1 0 0 0 1 0.19999997999999999387 0.026396869999999999362 -0.2000000000000000111 0.99999990626562840212 -0.00024993748177408909054 -0.00025006248176757863572 0.00024993748177408903633 0 0 0 0 0 1 0 0 0 1 0 0 0 1 -0.0428568699999999983 -0.056952910000000002422 0.05029286000000000173 0.99999990623937951018 0.00025006247676882890343 -0.00024991748177596368645 0.00025006247676882890343 0 0 
2 0 0 0 1 0 0 0 1 0 0 0 1 0.2000000000000000111 -0.039009009999999996743 -0.2000000000000000111 0.99999990623562873271 -0.00025006248051789116199 0.0002499374830244014984 0.00025005748176804742022 0 0 0 0 0 1 0 0 0 1 0 0 0 1 -0.023588569999999999677 -0.095292730000000006041 0.13328929999999999945 0.99999990623437839954 -0.00025006248176757863572 0.00024993748177408903633 0.00025006248176757863572 0 0 
2 0 0 0 1 0 0 0 1 0 0 0 1 0.2000000000000000111 0.0075603299999999996547 -0.2000000000000000111 0.99999990626562840212 -0.00024993748177408909054 -0.00025006248176757863572 0.00024993748177408903633 0 0 0 0 0 1 0 0 0 1 0 0 0 1 0.039590149999999997565 -0.095373159999999998493 0.054781110000000000915 0.99999990623812928803 -0.00025006247801856641309 0.00024992748302533879636 0.00025005747926867258118 0 0 
2 0 0 0 1 0 0 0 1 0 0 0 1 -0.025209729999999999639 0.026909570000000000711 -0.11232915999999999734 0.99999990623812928803 -0.00025006247801856641309 -0.00024992748302533879636 -0.00025005747926867258118 0 0 0 0 0 1 0 0 0 1 0 0 0 1 0.038854720000000002311 -0.11858072999999999531 0.10349047999999999581 0.99999990623687895486 -0.00025006247926822878754 -0.00024993248302487017449 -0.0002500574805183600007 0 0 
2 0 0 0 1 0 0 0 1 0 0 0 1 0.2000000000000000111 -0.034388160000000000949 -0.2000000000000000111 0.99999990626562840212 -0.00024993748177408909054 0.00025006248176757863572 -0.00024993748177408903633 0 0 0 0 0 1 0 0 0 1 0 0 0 1 -0.2000000000000000111 0.014437999999999999445 0.14238558000000001158 0.99999990626562840212 0.00024993748177408909054 -0.00025006248176757863572 -0.00024993748177408903633 0 0 
2 0 0 0 1 0 0 0 1 0 0 0 1 0.2000000000000000111 0.038952189999999997649 -0.16285179999999999101 0.99999990623437839954 0.00025006248176757863572 0.00024993748177408903633 -0.00025006248176757863572 0 0 0 0 0 1 0 0 0 1 0 0 0 1 -0.18413862000000000285 -0.053884029999999999427 0.011146500000000000158 0.99999990626687806916 -0.0002499374830244014984 -0.00025005748176804747443 0.0002499374830244014984 0 0 
2 0 0 0 1 0 0 0 1 0 0 0 1 0.02192476000000000147 0.043060670000000002278 -0.08343849999999999878 0.99999990626562840212 -0.00024993748177408909054 0.00025006248176757863572 -0.00024993748177408903633 0 0 0 0 0 1 0 0 0 1 0 0 0 1 0.041611019999999998564 0.00094999999999999999809 0.060018750000000002653 0.99999990626687806916 0.00024993248177455771241 -0.0002500624805178912162 -0.0002499374830244014984 0 0 
2 0 0 0 1 0 0 0 1 0 0 0 1 9.0099999999999994546e-05 0.04706885999999999709 -0.2000000000000000111 0.99999990623437839954 -0.00025006248176757863572 0.00024993748177408903633 0.00025006248176757863572 0 0 0 0 0 1 0 0 0 1 0 0 0 1 -0.10555486999999999509 0.018775690000000001129 0.11035166999999999893 0.99999990626562840212 0.00024993748177408909054 -0.00025006248176757863572 -0.00024993748177408903633 0 0 
2 0 0 0 1 0 0 0 1 0 0 0 1 0.096913410000000005384 0.054181859999999998356 -0.0063126700000000002602 0.99999990623437839954 -0.00025006248176757863572 -0.00024993748177408903633 -0.00025006248176757863572 0 0 0 0 0 1 0 0 0 1 0 0 0 1 0.014900399999999999409 0.066665459999999995833 0.039259149999999999603 0.99999990623437839954 -0.00025006248176757863572 -0.00024993748177408903633 -0.00025006248176757863572 0 0 
2 0 0 0 1 0 0 0 1 0 0 0 1 0.2000000000000000111 0.051539639999999997677 -0.055974559999999999593 0.99999990626687806916 0.00024993248177455771241 0.0002500624805178912162 0.0002499374830244014984 0 0 0 0 0 1 0 0 0 1 0 0 0 1 0.2000000000000000111 0.089332129999999995706 0.052556739999999997626 0.99999990626562840212 -0.00024993748177408909054 0.00025006248176757863572 -0.00024993748177408903633 0 0 
2 0 0 0 1 0 0 0 1 0 0 0 1 0.19999998999999998861 0.099624350000000000405 -0.12476784999999999959 0.99999990626562840212 -0.00024993748177408909054 -0.00025006248176757863572 0.00024993748177408903633 0 0 0 0 0 1 0 0 0 1 0 0 0 1 -0.19536829000000000001 -0.18606005999999999934 0.1741436000000000095 0.99999990623437839954 0.00025006248176757863572 0.00024993748177408903633 -0.00025006248176757863572 0 0 
2 0 0 0 1 0 0 0 1 0 0 0 1 0.032693659999999999388 0.03138362000000000096 0.12229855000000000587 0.99999990623437839954 -0.00025006248176757863572 -0.00024993748177408903633 -0.00025006248176757863572 0 0 0 0 0 1 0 0 0 1 0 0 0 1 -0.032547989999999998867 -0.079194159999999999555 0.03740642999999999746 0.9999999062506309544 -0.00025006246552219187247 0.00024988248427986869266 0.00025005246802195421054 0 0 
2 0 0 0 1 0 0 0 1 0 0 0 1 0.19999998999999998861 0.09397706000000000115 -0.066486000000000003429 0.99999990623437839954 -0.00025006248176757863572 -0.00024993748177408903633 -0.00025006248176757863572 0 0 0 0 0 1 0 0 0 1 0 0 0 1 -0.086738109999999993271 -0.065727019999999997113 -0.12278894999999999393 0.99999990626562840212 0.00024993748177408909054 -0.00025006248176757863572 -0.00024993748177408903633 0 0 
2 0 0 0 1 0 0 0 1 0 0 0 1 0.17310747000000001328 0.01995426000000000144 0.088199150000000003935 0.99999990642289060538 -0.00024993763931340298723 -0.00025006232430691542092 0.00024930748183309218687 0 0 0 0 0 1 0 0 0 1 0 0 0 1 -0.011529239999999999627 -0.07752557000000000198 0.10268539999999999612 0.99999990633185908973 -0.00025006238432434980262 -0.00024966751180687619732 -0.00024994241429569140833 0 0 
2 0 0 0 1 0 0 0 1 0 0 0 1 0.15869511999999999508 0.056076550000000002782 -0.042650130000000001373 0.99999990623437839954 -0.00025006248176757863572 0.00024993748177408903633 0.00025006248176757863572 0 0 0 0 0 1 0 0 0 1 0 0 0 1 -0.032079660000000002895 -0.066284519999999999551 -0.012859600000000000544 0.99999990623562873271 -0.00025005748176804742022 -0.0002499374830244014984 -0.00025006248051789116199 0 0 
2 0 0 0 1 0 0 0 1 0 0 0 1 0.2000000000000000111 0.2000000000000000111 -0.10126657999999999493 0.99999990626562840212 -0.00024993748177408909054 0.00025006248176757863572 -0.00024993748177408903633 0 0 0 0 0 1 0 0 0 1 0 0 0 1 -0.060049959999999999449 -0.2000000000000000111 0.092765180000000002636 0.99999990623437839954 -0.00025006248176757863572 -0.00024993748177408903633 -0.00025006248176757863572 0 0 
2 0 0 0 1 0 0 0 1 0 0 0 1 0.2000000000000000111 0.047646870000000000889 -0.065048579999999994739 0.99999990623437839954 -0.00025006248176757863572 0.00024993748177408903633 0.00025006248176757863572 0 0 0 0 0 1 0 0 0 1 0 0 0 1 -0.017378890000000001004 -0.17562235000000001039 0.058600029999999997399 0.99999990623437839954 -0.00025006248176757863572 0.00024993748177408903633 0.00025006248176757863572 0 0 
2 0 0 0 1 0 0 0 1 0 0 0 1 0.2000000000000000111 0.069600250000000002393 -0.066052470000000002015 0.99999990626687806916 -0.0002499374830244014984 -0.00025005748176804747443 0.0002499374830244014984 0 0 0 0 0 1 0 0 0 1 0 0 0 1 -0.010464720000000000272 -0.093859239999999996562 -0.025966820000000001567 0.99999990626687806916 -0.0002499374830244014984 0.00025005748176804747443 -0.0002499374830244014984 0 0 
2 0 0 0 1 0 0 0 1 0 0 0 1 0.2000000000000000111 0.012902900000000000133 -0.0832567599999999991 0.99999990627187662628 -0.00024993748802555100378 -0.00025004248051976646263 0.00024993248677580723544 0 0 0 0 0 1 0 0 0 1 0 0 0 1 -0.017965040000000001563 -0.079655970000000006492 -0.062808580000000002741 0.9999999062681277362 0.00024993248302487012028 -0.0002500574805183600007 -0.00024993748427468886119 0 0 
2 0 0 0 1 0 0 0 1 0 0 0 1 0.2000000000000000111 0.08089638000000000384 0.039814790000000002679 0.99999990623437839954 -0.00025006248176757863572 0.00024993748177408903633 0.00025006248176757863572 0 0 0 0 0 1 0 0 0 1 0 0 0 1 -0.01753816999999999876 -0.098724870000000006232 0.089457640000000004932 0.99999990723158949102 0.00025005647828709256803 0.00024592748464855496322 -0.00025005647828709256803 0 0 
2 0 0 0 1 0 0 0 1 0 0 0 1 0.2000000000000000111 -0.12120300000000000518 -0.2000000000000000111 0.99999990626562840212 -0.00024993748177408909054 -0.00025006248176757863572 0.00024993748177408903633 0 0 0 0 0 1 0 0 0 1 0 0 0 1 0.068282549999999997414 -0.048947499999999997955 0.2000000000000000111 0.9999999072290889357 0.00025006147951626620223 0.00024592748214796516723 -0.00025006147951626609381 0 0 
0 
