0  0  0.89082
0  1  0.820099
0  2  1.0209
0  3  9.51616
0  4  1.27408
0  5  1.22337
0  6  1.40045
0  7  2.18051
0  8  2.46014
0  9  2.56765
0  10  2.41947
0  11  2.53304
0  12  2.27108
0  13  1.57036
0  14  1.60616
1  0  1.76578
1  1  3.71898
1  2  6.23827
1  3  3.06814
1  4  30.4501
1  5  16.5887
1  6  1.82651
1  7  2.70712
1  8  1.75053
1  9  0.717332
2  0  3.88264
2  1  2.13348
2  2  1.55096
2  3  0.644142
2  4  0.858272
2  5  2.448
2  6  4.21576
2  7  2.68011
2  8  2.4703
2  9  2.31428
2  10  1.61447
2  11  2.04416
2  12  2.78697
2  13  5.12442
2  14  7.83817
2  15  6.10781
2  16  15.6579
2  17  14.6302
2  18  5.67522
2  19  4.20766
2  20  1.69172
2  21  3.08872
2  22  10.1633
2  23  25.1532
2  24  24.1821
2  25  17.1723
2  26  25.7083
2  27  1.78473
2  28  1.72185
2  29  2.29308
2  30  1.74305
2  31  1.58878
2  32  1.80572
2  33  1.39667
2  34  1.89972
2  35  1.80941
2  36  1.89983
2  37  2.06459
2  38  2.26501
2  39  2.73621
2  40  9.39439
2  41  9.2892
2  42  1.33816
2  43  1.91373
2  44  0.924224
2  45  0.779229
2  46  0.858497
2  47  1.87999
2  48  2.71999
2  49  5.70157
2  50  4.22101
2  51  6.36602
2  52  18.6141
2  53  23.5915
2  54  23.787
2  55  58.2955
2  56  64.0806
2  57  50.7696
2  58  3.61227
