0  0  8.0432
0  1  5.44041
0  2  6.19312
0  3  6.7013
0  4  6.57291
0  5  4.63564
0  6  5.80225
0  7  4.36216
0  8  4.876
0  9  3.17517
0  10  1.3529
0  11  2.50884
0  12  2.50406
0  13  2.14886
0  14  1.27067
0  15  0.444873
0  16  0.300776
0  17  0.565475
0  18  2.50465
0  19  7.04289
0  20  52.0093
0  21  62.3388
0  22  52.2744
0  23  59.8803
0  24  40.7163
0  25  38.3101
0  26  32.4164
0  27  30.8969
0  28  67.8439
0  29  8.59066
0  30  15.6054
0  31  21.0272
0  32  35.4399
0  33  16.9322
0  34  17.6723
0  35  17.3435
0  36  78.4534
0  37  24.8508
0  38  28.9163
0  39  18.6218
0  40  19.2371
0  41  15.0156
0  42  108.328
0  43  14.1263
0  44  5.43678
0  45  2.6119
0  46  11.0692
0  47  5.92952
0  48  11.3282
0  49  29.1823
0  50  17.2949
0  51  33.5743
1  0  5.99976
1  1  5.02433
1  2  2.6206
1  3  6.71614
1  4  26.5363
1  5  10.8492
1  6  17.6629
1  7  14.7228
1  8  14.8547
1  9  14.8133
1  10  22.6504
1  11  191.446
1  12  390.599
1  13  274.303
1  14  146.112
1  15  135.198
1  16  67.534
1  17  37.4513
1  18  25.0365
1  19  121.448
1  20  112.617
1  21  10.3219
1  22  70.3573
1  23  86.2704
1  24  63.6246
1  25  11.7191
1  26  6.89095
1  27  6.14381
1  28  36.4966
1  29  37.1222
1  30  5.89277
1  31  2.99709
1  32  27.2576
1  33  124.836
1  34  52.8762
1  35  19.3899
1  36  40.6841
1  37  15.2011
1  38  18.0123
1  39  179.847
1  40  104.585
1  41  128.813
1  42  156.32
1  43  99.0953
1  44  180.097
1  45  51.7492
1  46  38.574
1  47  33.9152
1  48  37.7635
1  49  74.5506
1  50  215.769
1  51  63.8013
1  52  90.9476
1  53  88.7233
1  54  77.0551
1  55  18.1865
1  56  74.6847
1  57  55.5021
1  58  13.0256
1  59  100.689
1  60  23.5936
1  61  39.712
2  0  1.13729
2  1  3.02398
2  2  2.13869
2  3  5.34111
2  4  2.66456
2  5  5.73652
2  6  6.37382
2  7  2.74903
2  8  5.19217
2  9  5.31233
2  10  1.40539
2  11  4.00231
2  12  4.27028
2  13  4.89973
2  14  4.59766
2  15  4.23468
2  16  7.30435
2  17  4.51792
2  18  4.1318
2  19  40.8293
2  20  99.1754
2  21  112.661
2  22  78.93
2  23  100.603
2  24  222.038
2  25  155.73
2  26  12.6896
2  27  5.29506
2  28  4.3173
2  29  3.91952
2  30  7.8601
2  31  3.64757
2  32  2.87819
2  33  1.68887
2  34  2.04118
2  35  4.32192
2  36  2.2326
2  37  3.05456
2  38  10.7474
