2 0 0 0 1 0 0 0 1 0 0 0 1 -0.2000000000000000111 0.2000000000000000111 -0.2000000000000000111 0.99999990847711006658 -0.00024094248635814327804 0.00025006022995567654503 -0.00024992473107737414985 0 0 0 0 0 1 0 0 0 1 0 0 0 1 0.2000000000000000111 0.08464956999999999343 0.082161860000000003224 0.99999996719089523367 0.00024983159741054095917 3.9374846886259815882e-05 -4.064483824362080227e-05 0 0 
2 0 0 0 1 0 0 0 1 0 0 0 1 0.10356946999999999681 -0.2000000000000000111 0.18025408000000001096 0.99999991746261629455 0.00020051741990738169768 -0.0002498198978935686613 0.00024991507226825363224 0 0 0 0 0 1 0 0 0 1 0 0 0 1 -0.029284069999999998851 -0.2000000000000000111 -0.071665400000000004099 0.99999991650286379485 -0.00025005221817377181132 0.00022883793489098823762 0.00022825720865753739504 0 0 
2 0 0 0 1 0 0 0 1 0 0 0 1 0.030957490000000000702 0.027355629999999998836 0.2000000000000000111 0.99999990876534139428 -0.00023997242396520796458 -0.00024970500491324718615 -0.0002500599035214930415 0 0 0 0 0 1 0 0 0 1 0 0 0 1 0.2000000000000000111 0.047769399999999996587 0.082161860000000003224 0.99999996714477634718 0.00024956171020198443912 4.0529452284796885827e-05 -4.2270115798996971644e-05 0 0 
2 0 0 0 1 0 0 0 1 0 0 0 1 -0.10807410000000000627 0.2000000000000000111 -0.2000000000000000111 0.99999990633433621934 0.00025002739054365958303 -0.00024993758178628992274 0.0002496974730539712169 0 0 0 0 0 1 0 0 0 1 0 0 0 1 -0.2000000000000000111 -0.10780852999999999964 0.2000000000000000111 0.99999990629311552581 0.00024993750928096059982 0.00024995248177789135269 0.00024993750928096054561 0 0 
2 0 0 0 1 0 0 0 1 0 0 0 1 0.2000000000000000111 -0.2000000000000000111 0.2000000000000000111 0.99999992703855433707 0.00024996380946734419277 0.0002500361644640768273 0.0001446474904525200673 0 0 0 0 0 1 0 0 0 1 0 0 0 1 0.2000000000000000111 -0.2000000000000000111 0.15097593000000000818 0.99999990623437839954 -0.00025006248176757863572 -0.00024993748177408903633 -0.00025006248176757863572 0 0 
2 0 0 0 1 0 0 0 1 0 0 0 1 -0.19999998999999998861 0.19999998999999998861 -0.2000000000000000111 0.99999992703574247521 -0.00023567321514023810837 -0.00024992439026221127457 0.00016710608771758412769 0 0 0 0 0 1 0 0 0 1 0 0 0 1 0.00082145999999999998534 0.084017209999999994952 0.056642230000000001744 0.99999990683309303297 0.0002495029412854446872 0.00024959203126994619149 0.00024856770800400611061 0 0 
2 0 0 0 1 0 0 0 1 0 0 0 1 0.19999998999999998861 -0.19999997999999999387 0.12573317000000000521 0.99999994641323675104 0.00019156243955581849425 -0.00024978778002725335891 8.990784307566417684e-05 0 0 0 0 0 1 0 0 0 1 0 0 0 1 0.13948788000000000853 -0.19999998999999998861 0.018327210000000000029 0.99999997465322454371 0.00022103469048993139778 4.224160808925656518e-05 7.2706632972826361135e-06 0 0 
2 0 0 0 1 0 0 0 1 0 0 0 1 -0.2000000000000000111 0.2000000000000000111 -0.2000000000000000111 0.99999994261252034278 -0.00021156319427958884295 -0.0002498234527077615604 8.7202140223910089181e-05 0 0 0 0 0 1 0 0 0 1 0 0 0 1 0.059946909999999999086 0.2000000000000000111 0.2000000000000000111 0.99999993954915988859 0.00022972118450184208626 0.000228608943255557772 0.00012596747679459693631 0 0 
2 0 0 0 1 0 0 0 1 0 0 0 1 0.2000000000000000111 -0.2000000000000000111 -0.045232090000000002572 0.99999994985507678624 0.000192512184466870289 -0.00024979445045124511193 2.8838086312504805777e-05 0 0 0 0 0 1 0 0 0 1 0 0 0 1 0.081157309999999996397 -0.2000000000000000111 -0.052995059999999996614 0.9999999645087488398 0.00022997959268629118734 4.2349361857732543545e-05 0.00012766526319720324046 0 0 
2 0 0 0 1 0 0 0 1 0 0 0 1 -0.2000000000000000111 0.2000000000000000111 -0.2000000000000000111 0.99999992807982807097 -0.00023375409393566637275 -0.00024983826063655715241 0.00016364658769805966285 0 0 0 0 0 1 0 0 0 1 0 0 0 1 0.11806590999999999614 0.2000000000000000111 0.2000000000000000111 0.99999994493506327853 0.00021870354916062693528 0.00024953125555343154537 5.7254262241395170244e-06 0 0 
2 0 0 0 1 0 0 0 1 0 0 0 1 -0.097584149999999994507 0.19999990000000000823 0.051715789999999997595 0.99999993695700073459 0.00024998672569741530207 -0.00025000825303144597056 -3.2992499179420541847e-05 0 0 0 0 0 1 0 0 0 1 0 0 0 1 0.022669209999999998667 -0.13038264999999998883 0.072660730000000006701 0.99999990624062984335 0.00025005247801945400038 -0.00024993748802550096785 0.0002500474792696102044 0 0 
2 0 0 0 1 0 0 0 1 0 0 0 1 -0.2000000000000000111 0.17848806999999999867 -0.2000000000000000111 0.99999990665086879726 -0.00024993786784004514995 -0.00024985214812043297136 0.00024860253441204776615 0 0 0 0 0 1 0 0 0 1 0 0 0 1 0.2000000000000000111 -0.12824961000000001388 -0.032608690000000002673 0.99999990623937951018 0.00025006247676890393022 0.00024992248302580741823 -0.00025005747801898510745 0 0 
2 0 0 0 1 0 0 0 1 0 0 0 1 -0.19244696999999999498 0.2000000000000000111 -0.2000000000000000111 0.99999990627312607128 0.00024993748927596337508 -0.00025006247426945406439 -0.00024990748177690098441 0 0 0 0 0 1 0 0 0 1 0 0 0 1 0.2000000000000000111 0.082699270000000005276 0.2000000000000000111 0.99999990626562840212 0.00024993748177408909054 0.00025006248176757863572 0.00024993748177408903633 0 0 
2 0 0 0 1 0 0 0 1 0 0 0 1 0.17839221999999999024 -0.055637329999999998731 -0.045232160000000000422 0.99999992499718493022 -0.00015996778165126924521 -0.00024981484272779309755 0.0002490150149757640102 0 0 0 0 0 1 0 0 0 1 0 0 0 1 0.0169652100000000014 0.2000000000000000111 0.2000000000000000111 0.9999999764406962699 0.00020765173694129227238 3.180365015054951338e-05 -5.4661605151498766865e-05 0 0 
2 0 0 0 1 0 0 0 1 0 0 0 1 -0.2000000000000000111 0.2000000000000000111 -0.2000000000000000111 0.99999996813824787445 2.1837657465355508532e-05 -0.00024976563936942387844 -2.9389542955520014348e-05 0 0 0 0 0 1 0 0 0 1 0 0 0 1 0.10703893000000000435 -0.15743213000000000346 0.14600990999999999276 0.99999990678601702321 0.0002491478052593650125 0.00024941712243116886862 0.00024928784016471226999 0 0 
2 0 0 0 1 0 0 0 1 0 0 0 1 -0.2000000000000000111 0.19999998999999998861 -0.19999998999999998861 0.99999994082182730448 6.4541846754189732089e-05 -0.00024974031201637641748 0.00022764109591230394865 0 0 0 0 0 1 0 0 0 1 0 0 0 1 0.10902554000000000411 -0.095353460000000000996 -0.2000000000000000111 0.99999996094250931389 -3.3286697399641033393e-05 -0.00016386254872933342635 -0.0002239554436746525655 0 0 
2 0 0 0 1 0 0 0 1 0 0 0 1 -0.19368672000000000666 -0.0050914000000000002658 -0.19705095999999999723 0.99999996850045713703 2.1841946182773407217e-05 -0.0002497452643806586433 -1.2219543936058837227e-05 0 0 0 0 0 1 0 0 0 1 0 0 0 1 0.015976850000000000773 0.041572839999999999794 0.2000000000000000111 0.99999990678227979046 0.00024916280525796684472 0.00024941712617048642647 0.00024928783642345539971 0 0 
2 0 0 0 1 0 0 0 1 0 0 0 1 0.16135963999999999863 0.085979669999999994157 0.2000000000000000111 0.99999992479369381737 -0.00015981255308902903782 -0.00024978495515568693072 0.000249960058424218885 0 0 0 0 0 1 0 0 0 1 0 0 0 1 0.19999998999999998861 -0.2000000000000000111 -0.2000000000000000111 0.99999997705977095031 0.00020461174719408489427 3.1963807110484090577e-05 -5.4706541204438253567e-05 0 0 
2 0 0 0 1 0 0 0 1 0 0 0 1 -0.2000000000000000111 0.19999998999999998861 -0.2000000000000000111 0.99999991062257787 0.00025003793536520314356 -0.00024994203500673260656 0.00023187247843396786352 0 0 0 0 0 1 0 0 0 1 0 0 0 1 -0.18624187999999999854 -0.097230730000000001323 0.2000000000000000111 0.99999990629062052161 0.00024990749928004889549 0.0002500274655259731812 0.00024990249803038004552 0 0 
2 0 0 0 1 0 0 0 1 0 0 0 1 0.2000000000000000111 -0.2000000000000000111 0.2000000000000000111 0.99999990626562840212 0.00024993748177408909054 -0.00025006248176757863572 -0.00024993748177408903633 0 0 0 0 0 1 0 0 0 1 0 0 0 1 0.2000000000000000111 0.2000000000000000111 0.2000000000000000111 0.99999990624438039877 -0.00025006247177037927831 0.00024992748927690072724 0.0002500324792710165037 0 0 
2 0 0 0 1 0 0 0 1 0 0 0 1 -0.2000000000000000111 0.2000000000000000111 -0.2000000000000000111 0.9999999106140564642 -0.00023377792418799076576 -0.00024977309677976628453 0.00024846158954592060478 0 0 0 0 0 1 0 0 0 1 0 0 0 1 -0.012671870000000000009 -0.2000000000000000111 -0.050218709999999999738 0.99999996697831106118 0.00024955687908590005585 4.3039088060558254459e-05 -4.3730741926793225446e-05 0 0 
2 0 0 0 1 0 0 0 1 0 0 0 1 0.1854559799999999925 -0.18107959000000001248 0.091344629999999996106 0.99999994762863331221 0.00019464675678697394151 -0.00024968192465553987669 6.7188594721818268272e-05 0 0 0 0 0 1 0 0 0 1 0 0 0 1 0.16660945999999998701 0.2000000000000000111 0.1944195400000000018 0.99999992547869298587 0.00021371330272104330618 0.00022747856613336385478 0.00022720637040242648314 0 0 
2 0 0 0 1 0 0 0 1 0 0 0 1 -0.2000000000000000111 0.19315888999999999975 -0.19999995000000000966 0.99999994250809498553 -0.00021289863541810812486 -0.00024970320187954134087 8.547683236183847746e-05 0 0 0 0 0 1 0 0 0 1 0 0 0 1 0.01892583999999999933 -0.19999998999999998861 -0.047086200000000001664 0.99999997325066758425 0.00022278192221959793582 4.6025685483323302758e-05 -4.1815254583318278768e-05 0 0 
2 0 0 0 1 0 0 0 1 0 0 0 1 0.2000000000000000111 -0.2000000000000000111 0.2000000000000000111 0.99999991888793737793 0.00019593190194584452738 -0.0002498014463937670189 0.00024785892309245392655 0 0 0 0 0 1 0 0 0 1 0 0 0 1 0.13648862000000000494 0.092932520000000004567 0.19370365000000000499 0.99999991229563545136 0.00023468982142281575513 0.00024424282113590393885 0.00024632266094734827505 0 0 
2 0 0 0 1 0 0 0 1 0 0 0 1 -0.038738769999999998761 0.2000000000000000111 -0.2000000000000000111 0.99999990984467479471 -0.00023518748438031131568 0.00025005379516297135574 -0.00024994117134506888206 0 0 0 0 0 1 0 0 0 1 0 0 0 1 0.047871049999999998326 -0.19858640999999999099 -0.048778340000000003363 0.99999997632041293105 0.00018131269742189642631 -1.9386537045959671634e-05 -0.00011878148658092045316 0 0 
2 0 0 0 1 0 0 0 1 0 0 0 1 0.19999998999999998861 -0.082974359999999997006 -0.15495977999999999142 0.99999990627437596036 0.0002499174855268508199 -0.00025005747427012282999 -0.00024992748802648830173 0 0 0 0 0 1 0 0 0 1 0 0 0 1 0.10817538999999999627 0.094177549999999998764 0.19756953999999998794 0.99999990628187351849 0.00024992749552771255286 0.00025003747177272303819 0.00024990749052883744295 0 0 
2 0 0 0 1 0 0 0 1 0 0 0 1 -0.13360647000000000495 0.19999998999999998861 0.19999998999999998861 0.99999991066055904376 -0.00023284275189414056816 -0.000249693043764198804 0.00024923184165230252577 0 0 0 0 0 1 0 0 0 1 0 0 0 1 0.080651710000000001455 -0.19582358999999999183 -0.047443499999999999561 0.99999997642701254907 0.00020837183510800884236 4.665179540713471323e-05 -3.9379721636406260932e-05 0 0 
2 0 0 0 1 0 0 0 1 0 0 0 1 0.2000000000000000111 -0.1999999600000000044 -0.19999997999999999387 0.99999994967482908059 0.00019418026266854079539 -0.00024999589941845023425 2.1128542691467886794e-05 0 0 0 0 0 1 0 0 0 1 0 0 0 1 0.070853680000000002215 0.087636010000000000297 0.19127182000000000905 0.99999992611138122101 0.00022677681455656524979 0.00022057953492895653481 0.0002183899656165244152 0 0 
2 0 0 0 1 0 0 0 1 0 0 0 1 -0.19999998999999998861 0.13454884000000000288 0.088924130000000004004 0.99999991543233368585 -0.00021125773253771604676 -0.00024964769044733090431 0.00024936223966331115803 0 0 0 0 0 1 0 0 0 1 0 0 0 1 0.11807141000000000164 -0.19211685000000000567 -0.043533019999999998662 0.99999997394246231686 0.0002186014447695094334 6.1424849353627767375e-05 -2.356842798845943304e-05 0 0 
2 0 0 0 1 0 0 0 1 0 0 0 1 0.19999995000000000966 -0.19999998999999998861 0.059712250000000001438 0.99999991865823201209 0.00019412248664553633697 -0.00025004853111752908205 -0.00024995143862218473533 0 0 0 0 0 1 0 0 0 1 0 0 0 1 0.032961799999999999433 0.086726910000000004275 0.18970949000000000839 0.99999992607431509306 0.00022718687043467587815 0.0002204246017616058389 0.00021828991041517747419 0 0 
2 0 0 0 1 0 0 0 1 0 0 0 1 -0.18230155000000000665 0.039330259999999998832 0.019573610000000001702 0.99999991059900261714 -0.00023274266704642439176 -0.00024988805257127559697 0.00024937682119953344211 0 0 0 0 0 1 0 0 0 1 0 0 0 1 0.15681438000000000321 -0.19399628999999998791 -0.044303189999999999238 0.9999999767186863453 0.00020693683829999128497 4.6916883986028409305e-05 -3.9224709531934700679e-05 0 0 
2 0 0 0 1 0 0 0 1 0 0 0 1 0.033198070000000003132 0.018158799999999999247 -0.088522340000000004911 0.99999993480957161118 0.00024991157516054897554 0.00025001839750294192971 7.3592512832725093751e-05 0 0 0 0 0 1 0 0 0 1 0 0 0 1 -0.0070197100000000001857 0.091413720000000003862 0.19281986000000000958 0.99999990646422298735 0.00024967261426215751419 0.00024981734440040109834 0.00024965260926768133775 0 0 
2 0 0 0 1 0 0 0 1 0 0 0 1 0.029561549999999998939 -0.10880729999999999569 0.089490700000000006353 0.99999991382635666781 0.00024989055366552180354 0.00025005440168422395694 0.00021765749842821564526 0 0 0 0 0 1 0 0 0 1 0 0 0 1 0.19999998999999998861 -0.19999998999999998861 -0.048268619999999998194 0.99999990635805902084 0.00024989756428944254803 0.00025003239680363364625 0.00024963749930536624022 0 0 
2 0 0 0 1 0 0 0 1 0 0 0 1 -0.053780239999999999989 0.00034960999999999998154 -0.0085555800000000001293 0.99999993146520471665 0.00024972736807561029052 0.00025002758100410447028 0.00011041755412869430208 0 0 0 0 0 1 0 0 0 1 0 0 0 1 -0.02755455000000000057 0.17906500000000000195 0.2000000000000000111 0.99999990668500216007 0.00024945778158001058467 0.00024967715852558460161 0.0002491226979694230936 0 0 
2 0 0 0 1 0 0 0 1 0 0 0 1 -0.19999998999999998861 0.19999990000000000823 -0.19999998999999998861 0.99999991514171704399 0.00025002784149502844035 -0.00024994713178541123509 0.00021149247895900139373 0 0 0 0 0 1 0 0 0 1 0 0 0 1 0.19744085999999999581 -0.19999998999999998861 0.2000000000000000111 0.99999990674198158125 0.0002499379585967474878 0.00024944715815575002399 0.00024864263568344607651 0 0 
2 0 0 0 1 0 0 0 1 0 0 0 1 0.17621538999999999953 -0.2000000000000000111 0.19999996999999999914 0.99999996063895157938 -2.3088446959569771614e-05 -0.00024935792084216940739 0.00012652923060718559035 0 0 0 0 0 1 0 0 0 1 0 0 0 1 -0.022965499999999999803 0.056418900000000000994 -0.027889339999999998576 0.99999997960715369949 0.00019169677523809511592 3.2549538551451016671e-05 -5.4576240530500065844e-05 0 0 
2 0 0 0 1 0 0 0 1 0 0 0 1 -0.2000000000000000111 0.2000000000000000111 -0.16838476999999998918 0.99999991294857271118 -0.00024985954594686546858 -0.00025005540209049962599 0.00022168750558081970264 0 0 0 0 0 1 0 0 0 1 0 0 0 1 0.18985879999999999423 -0.12519405000000000117 0.14953749999999998987 0.99999990635308588782 0.00024980253553861430033 0.00024995242180706042558 0.000249832543034377518 0 0 
2 0 0 0 1 0 0 0 1 0 0 0 1 0.17589541999999999677 -0.2000000000000000111 0.082981639999999995405 0.99999993949971177631 0.00020771625570587088044 -0.00024920893703973562988 0.00012549675543903511792 0 0 0 0 0 1 0 0 0 1 0 0 0 1 -0.019025400000000001338 -0.013970470000000000457 0.023325829999999998787 0.99999997813468877172 0.00019981689916791805952 4.2876142288807663123e-05 -4.4333568126072367941e-05 0 0 
2 0 0 0 1 0 0 0 1 0 0 0 1 -0.19999986000000000153 0.2000000000000000111 0.2000000000000000111 0.99999991280525168946 -0.00022223748427818623068 -0.0002500555584033990991 0.00024994440840894586748 0 0 0 0 0 1 0 0 0 1 0 0 0 1 0.18952125999999999695 -0.058517350000000002697 0.097057509999999999617 0.99999992115379754409 0.00023080277492609153401 0.00022891765089687218489 0.00022807715134034203764 0 0 
2 0 0 0 1 0 0 0 1 0 0 0 1 -0.09342011000000000065 -0.12126025999999999472 -0.19999998999999998861 0.9999999390462137594 0.00020779217510427951099 -0.00024903314218541964652 0.00012927673754768555041 0 0 0 0 0 1 0 0 0 1 0 0 0 1 -0.020773400000000000892 -0.080201700000000000768 0.075068499999999996342 0.99999997845635335558 0.0001981719048681411337 4.29362013441436725e-05 -4.4403509483336136491e-05 0 0 
2 0 0 0 1 0 0 0 1 0 0 0 1 -0.021314349999999999269 0.19999998999999998861 0.029102690000000000503 0.99999990628187218622 -0.00024987248178018133752 -0.0002500624655216418025 0.00024993749802814985064 0 0 0 0 0 1 0 0 0 1 0 0 0 1 0.19337228000000000749 0.0079307200000000004775 0.045534730000000002426 0.99999990632185520312 0.00024984251428728610845 0.00024997744678857106073 0.00024989252678147454633 0 0 
2 0 0 0 1 0 0 0 1 0 0 0 1 -0.072692129999999993695 -0.1999999199999999977 -0.11889495999999999398 0.99999995286731857558 0.00010144169552271714498 -0.00024975509347944005976 0.00014696032205881317352 0 0 0 0 0 1 0 0 0 1 0 0 0 1 -0.02324646000000000004 -0.14139360000000000817 0.13318308000000000924 0.99999997205356772056 0.00020734030933286986946 0.00010433431451032233435 4.4913367507518037842e-05 0 0 
2 0 0 0 1 0 0 0 1 0 0 0 1 -0.11488473999999999908 0.2000000000000000111 0.0021715100000000001935 0.99999993749985338631 -5.4749996838539103306e-07 0.00024999986833330916291 0.00025000011083329903242 0 0 0 0 0 1 0 0 0 1 0 0 0 1 0.19449210999999999583 0.064478380000000001804 -0.019752809999999999119 0.99999997196505940877 0.00020673997141223792156 0.00010508488605404312367 4.7808274964857388318e-05 0 0 
2 0 0 0 1 0 0 0 1 0 0 0 1 0.051680719999999999437 0.064431689999999999796 -0.097044959999999999556 0.99999992700148587765 -0.00014635270146179813616 -0.00024979150285836602529 0.00024936341908614220427 0 0 0 0 0 1 0 0 0 1 0 0 0 1 -0.026543830000000000896 -0.19999998999999998861 0.19999998999999998861 0.99999990722284970435 0.00024946332252583119015 0.00024929171451548471109 0.00024733779297808606125 1 0 
2 0 0 0 1 0 0 0 1 0 0 0 1 -0.091778780000000004247 -0.041338970000000002658 0.0090725700000000002871 0.9999999062681277362 0.00024992748177502644271 -0.00025006247926820385089 -0.00024993748427471390626 0 0 0 0 0 1 0 0 0 1 0 0 0 1 0.2000000000000000111 0.18023712000000000066 -0.18588756000000000723 0.99999990623937951018 -0.00025006247676882890343 -0.00024993748677533861357 -0.00025004248176945388215 0 0 
2 0 0 0 1 0 0 0 1 0 0 0 1 -0.2000000000000000111 0.2000000000000000111 -0.2000000000000000111 0.99999990623562873271 0.00025005748176804742022 -0.0002499374830244014984 0.00025006248051789116199 0 0 0 0 0 1 0 0 0 1 0 0 0 1 0.19999998999999998861 0.013679530000000000509 0.2000000000000000111 0.99999990626937740323 -0.00024993748552502625991 -0.00025006247801851637716 0.00024992248177549495616 0 0 
2 0 0 0 1 0 0 0 1 0 0 0 1 -0.13767714999999999814 -0.2000000000000000111 0.2000000000000000111 0.99999990626937740323 0.00024992248177549506458 -0.00025006247801851637716 -0.00024993748552502625991 0 0 0 0 0 1 0 0 0 1 0 0 0 1 -0.2000000000000000111 -0.2000000000000000111 -0.2000000000000000111 0.99999990623687895486 -0.00025006247926822878754 -0.00024993248302487017449 -0.0002500574805183600007 0 0 
2 0 0 0 1 0 0 0 1 0 0 0 1 0.2000000000000000111 0.2000000000000000111 -0.2000000000000000111 0.99999991029434265322 -0.00023356741204760405337 -0.00024965660654629144707 -0.00025005829248367990487 0 0 0 0 0 1 0 0 0 1 0 0 0 1 0.10691796000000000633 -0.2000000000000000111 0.2000000000000000111 0.99999990666383309357 0.00024951277405779438917 0.00024959220092923790684 0.0002492377054456065247 0 0 
2 0 0 0 1 0 0 0 1 0 0 0 1 -0.2000000000000000111 -0.11062157999999999713 0.13157437999999999079 0.99999991791928377616 0.00019789248633748939997 0.00025004947343267562186 0.00024995049593744614325 0 0 0 0 0 1 0 0 0 1 0 0 0 1 -0.018934329999999999217 0.19974856999999998641 -0.13518035000000000467 0.99999997981426691496 0.00019117191071263309014 4.3456588625926333537e-05 -4.4003308344318480937e-05 0 0 
2 0 0 0 1 0 0 0 1 0 0 0 1 0.19999997999999999387 0.04443841999999999931 -0.16778012999999999955 0.99999991399782661716 -0.00021716756348451996569 -0.00024973929120914622245 0.00024994574463453481192 0 0 0 0 0 1 0 0 0 1 0 0 0 1 -0.2000000000000000111 -0.2000000000000000111 0.092048989999999997202 0.99999992128110537504 0.00023053784125318766774 0.00022883254320286427488 0.00022787223162423962089 0 0 
2 0 0 0 1 0 0 0 1 0 0 0 1 -0.19999997999999999387 0.19811860000000000581 0.054250529999999998199 0.99999991648589037219 0.00020587730709471367989 -0.00024961860983124231541 0.00024966637016968722508 0 0 0 0 0 1 0 0 0 1 0 0 0 1 0.2000000000000000111 0.2000000000000000111 -0.19999998999999998861 0.99999998014929158963 0.00018935692058585511287 4.3286592752466744659e-05 -4.4403197272575595927e-05 0 0 
2 0 0 0 1 0 0 0 1 0 0 0 1 -0.049247890000000002497 -0.16509162999999998922 -0.19999998999999998861 0.99999990626687806916 -0.00024993248177455771241 0.0002500624805178912162 -0.0002499374830244014984 0 0 0 0 0 1 0 0 0 1 0 0 0 1 -0.2000000000000000111 -0.2000000000000000111 0.14646908999999999623 0.99999990626562840212 0.00024993748177408909054 0.00025006248176757863572 0.00024993748177408903633 0 0 
2 0 0 0 1 0 0 0 1 0 0 0 1 0.19999998999999998861 0.2000000000000000111 -0.19999998999999998861 0.99999993243533058518 0.00010192736352546016994 -0.00024960953786081049779 0.00024987041738771734308 0 0 0 0 0 1 0 0 0 1 0 0 0 1 0.2000000000000000111 0.063564159999999994555 0.1215223099999999945 0.99999997723511346859 0.00020405805449031871423 4.3284164396671170004e-05 4.4906168311273460725e-05 0 0 
2 0 0 0 1 0 0 0 1 0 0 0 1 0.038810820000000002816 0.054410500000000000531 0.2000000000000000111 0.99999994058469732217 -5.7933496792896507307e-07 -0.00023733986035486012126 -0.00025000011377131014069 0 0 0 0 0 1 0 0 0 1 0 0 0 1 -0.2000000000000000111 -0.2000000000000000111 -0.097249020000000005459 0.99999995358148507929 0.00019530908256671492256 0.00022896430134669118364 4.7610278334024752915e-05 0 0 
2 0 0 0 1 0 0 0 1 0 0 0 1 -0.083028430000000000288 -0.16523094999999998755 -0.19999998999999998861 0.99999993119808283648 -0.00014604296474250531976 -0.00023185849195537329079 -0.00025003384120006303965 0 0 0 0 0 1 0 0 0 1 0 0 0 1 0.16972089000000001313 0.078221769999999996026 0.19999998999999998861 0.99999993733477465785 0.00024951927449381360513 4.337672479505094177e-05 0.00024736418115201198225 0 0 
2 0 0 0 1 0 0 0 1 0 0 0 1 -0.2000000000000000111 0.2000000000000000111 -0.2000000000000000111 0.99999990627062695925 0.00024991748177596374066 -0.00025006247676882895764 -0.00024993748677533866778 0 0 0 0 0 1 0 0 0 1 0 0 0 1 0.2000000000000000111 -0.16901780999999999056 -0.077401899999999995705 0.99999990626687806916 -0.0002499374830244014984 0.00025005748176804747443 -0.0002499374830244014984 0 0 
2 0 0 0 1 0 0 0 1 0 0 0 1 0.19999998999999998861 -0.2000000000000000111 0.2000000000000000111 0.99999994537464342859 -2.2358763784319307747e-05 -0.0002150544153182820759 -0.00025000478846540653138 0 0 0 0 0 1 0 0 0 1 0 0 0 1 -0.029284069999999998851 0.078221769999999996026 0.19999998999999998861 0.99999990761619783619 0.00024934869426124683846 0.00024556724495720971043 0.0002495787507204648252 0 0 
2 0 0 0 1 0 0 0 1 0 0 0 1 0.17650704999999999867 -0.19476515999999999273 -0.15609919999999999352 0.9999999062681277362 -0.00024992748177502644271 -0.00025006247926820385089 0.00024993748427471390626 0 0 0 0 0 1 0 0 0 1 0 0 0 1 0.2000000000000000111 -0.2000000000000000111 -0.1266284099999999968 0.99999990626562840212 0.00024993748177408909054 -0.00025006248176757863572 -0.00024993748177408903633 0 0 
2 0 0 0 1 0 0 0 1 0 0 0 1 0.19444505000000000816 -0.051288199999999999068 0.2000000000000000111 0.99999993681149279556 0.00015593526640888849717 -0.00019893898630183554457 -0.00024996896399406706929 0 0 0 0 0 1 0 0 0 1 0 0 0 1 -0.021326569999999999555 0.086649760000000006221 0.19999997999999999387 0.99999992062520570713 0.00018647299896293911587 0.00024941635424059310213 0.00024853346915546453222 0 0 
2 0 0 0 1 0 0 0 1 0 0 0 1 -0.0038956300000000001864 -0.19999998999999998861 -0.16572059000000000095 0.99999993145702714692 -0.00010994749415429904619 -0.00025002749001961960436 0.00024996748557210257376 0 0 0 0 0 1 0 0 0 1 0 0 0 1 0.18400542000000000287 -0.18595807000000000309 -0.014950720000000000676 0.99999997175490251689 0.00022481949493679477168 7.6836468303763979897e-05 6.5227257708324482287e-06 0 0 
2 0 0 0 1 0 0 0 1 0 0 0 1 0.2000000000000000111 -0.2000000000000000111 0.2000000000000000111 0.99999993741414117121 2.1187637424531301873e-05 -0.0002494503020614415251 -0.00024999468885550813618 0 0 0 0 0 1 0 0 0 1 0 0 0 1 -0.0073853599999999996681 0.0753339700000000001 0.12353090999999999378 0.99999995874785541083 0.00020059951035277038796 0.00016227532300434931514 0.00012621744486778735763 0 0 
2 0 0 0 1 0 0 0 1 0 0 0 1 0.051685040000000001537 -0.2000000000000000111 -0.2000000000000000111 0.99999993724479274704 2.2592498588651051191e-05 0.00024999435702011856605 -0.00025000562201964816661 0 0 0 0 0 1 0 0 0 1 0 0 0 1 0.17197817000000001353 -0.17725525999999999782 0.06013352999999999754 0.99999995375753381044 0.00022405447912408801283 0.00016206836181866633045 0.00012656368570923852337 0 0 
2 0 0 0 1 0 0 0 1 0 0 0 1 0.2000000000000000111 -0.2000000000000000111 0.2000000000000000111 0.99999993135267495337 -0.00011129744657187956136 -0.00024978717930059792744 -0.00025002777621854890616 0 0 0 0 0 1 0 0 0 1 0 0 0 1 0.002848230000000000206 0.069157079999999995779 0.049080640000000001766 0.99999997958685238331 0.00018666951888898476947 7.7086159666517610652e-05 6.2056104162579749149e-06 0 0 
2 0 0 0 1 0 0 0 1 0 0 0 1 0.2000000000000000111 -0.2000000000000000111 0.1999999600000000044 0.99999992529883152681 0.00015621248960399826845 0.00024996094903726595463 -0.00025003902403369552112 0 0 0 0 0 1 0 0 0 1 0 0 0 1 0.16343589999999999507 -0.1735425300000000004 0.134694330000000001 0.99999990688293793895 0.00024949798981068800228 0.00024943702006163077315 0.00024852774794710172888 0 0 
2 0 0 0 1 0 0 0 1 0 0 0 1 -0.17557626000000001176 0.2000000000000000111 -0.2000000000000000111 0.99999990626562840212 -0.00024993748177408909054 -0.00025006248176757863572 0.00024993748177408903633 0 0 0 0 0 1 0 0 0 1 0 0 0 1 0.0097846099999999991415 0.067871379999999995047 -0.026336310000000001663 0.99999990624688117613 -0.00025004747302147305133 -0.00024992249052738170403 -0.00025004247427155422857 0 0 
2 0 0 0 1 0 0 0 1 0 0 0 1 0.2000000000000000111 -0.196381610000000012 0.2000000000000000111 0.99999990626562840212 0.00024993748177408909054 -0.00025006248176757863572 -0.00024993748177408903633 0 0 0 0 0 1 0 0 0 1 0 0 0 1 0.033834740000000002036 -0.2000000000000000111 0.2000000000000000111 0.99999990631310753386 0.00024983750428908140006 0.00024997245678226484274 0.00024993752927695835021 0 0 
2 0 0 0 1 0 0 0 1 0 0 0 1 0.2000000000000000111 -0.2000000000000000111 0.2000000000000000111 0.99999991936112253565 -0.00023435234039423564773 -0.00020936141117909817886 -0.00025004905215533941836 0 0 0 0 0 1 0 0 0 1 0 0 0 1 0.13442356999999999223 0.054095440000000001579 -0.002397049999999999962 0.99999997939319562601 0.00018970584683650106982 7.1297741162088006843e-05 -1.1913525721749114214e-05 0 0 
2 0 0 0 1 0 0 0 1 0 0 0 1 -0.051771509999999999752 0.09170696000000000403 -0.2000000000000000111 0.99999992256823866388 0.00019695712354381771851 -0.00023150423995636608149 -0.00024995438574284493255 0 0 0 0 0 1 0 0 0 1 0 0 0 1 0.037112880000000000869 -0.1205238799999999999 0.09829799999999999649 0.99999994830630611897 0.00021750702252884595222 0.00017327011488920578738 0.00016141730838098523383 0 0 
2 0 0 0 1 0 0 0 1 0 0 0 1 0.2000000000000000111 -0.053185839999999998118 0.2000000000000000111 0.99999992655668923369 -0.0002179969608932564066 -0.00019231445588566449382 0.00024975806551728651833 0 0 0 0 0 1 0 0 0 1 0 0 0 1 0.13211855000000000127 -0.023634479999999999378 0.09829799999999999649 0.99999996331250085024 0.00021666942413440908044 0.00014542574832548696927 7.2668490022373307931e-05 0 0 
2 0 0 0 1 0 0 0 1 0 0 0 1 -0.2000000000000000111 0.19999998999999998861 -0.2000000000000000111 0.99999991646466046546 0.00020511748449469303034 -0.00024994372058030227051 0.00025005124704993188494 0 0 0 0 0 1 0 0 0 1 0 0 0 1 0.038467830000000001467 -0.043762860000000000649 -0.002397049999999999962 0.99999997361567616316 0.00019080202835993300726 0.00010019017662720015817 7.9530883677267352684e-05 0 0 
2 0 0 0 1 0 0 0 1 0 0 0 1 0.19999993999999998717 -0.055637209999999999444 0.2000000000000000111 0.99999990647025038815 -0.00025005224807685919606 0.00024993771807367505446 0.00024912747935576306591 0 0 0 0 0 1 0 0 0 1 0 0 0 1 0.13170011000000000911 -0.1001942200000000005 0.2000000000000000111 0.99999993327883751615 0.00024784113199700447345 0.00021974318641029328856 0.00015404553156153749627 0 0 
2 0 0 0 1 0 0 0 1 0 0 0 1 -0.11795978999999999492 0.2000000000000000111 -0.17270700999999999414 0.99999991351434380782 0.00022052215472923836063 -0.00024974511551307263316 0.00024893505452278281466 0 0 0 0 0 1 0 0 0 1 0 0 0 1 0.024423099999999999671 0.020136950000000000682 0.032591769999999999075 0.99999991188901971029 0.00024929808551152381679 0.00024705742342432713849 0.00023029339309230050328 0 0 
2 0 0 0 1 0 0 0 1 0 0 0 1 0.2000000000000000111 -0.2000000000000000111 0.2000000000000000111 0.99999990656113435517 -0.00025003716060004415982 0.00024993780932360871614 0.00024877747563941624703 0 0 0 0 0 1 0 0 0 1 0 0 0 1 0.16034846999999999295 -0.15207311000000001133 0.027970470000000000749 0.99999990630813206938 -0.00024994743679768107077 -0.00024984253178570662701 -0.00024997742929959432256 0 0 
2 0 0 0 1 0 0 0 1 0 0 0 1 -0.2000000000000000111 0.2000000000000000111 -0.2000000000000000111 0.99999991340516924954 0.00022142706350673153665 -0.0002497349688342358643 0.00024858027835973910309 0 0 0 0 0 1 0 0 0 1 0 0 0 1 -0.0095569399999999998796 0.06979156999999999722 0.19999998999999998861 0.99999990748571099264 0.00024974366176356335148 0.00024569734352876843606 0.00024957862123876640428 0 0 
2 0 0 0 1 0 0 0 1 0 0 0 1 0.19694016999999999773 -0.2000000000000000111 0.19999998999999998861 0.99999990655612702728 -0.00025006215934801899773 0.0002499378043544825314 0.00024877248188832858013 0 0 0 0 0 1 0 0 0 1 0 0 0 1 0.2000000000000000111 -0.2000000000000000111 -0.2000000000000000111 0.99999990626562840212 -0.00024993748177408909054 0.00025006248176757863572 -0.00024993748177408903633 0 0 
2 0 0 0 1 0 0 0 1 0 0 0 1 -0.060141210000000000502 0.2000000000000000111 0.01167974999999999916 0.99999990652253933909 -0.00025005719433977656582 0.00024993777059034011628 0.00024891248062555514737 0 0 0 0 0 1 0 0 0 1 0 0 0 1 -0.039943810000000003202 0.072810749999999993531 0.19999998999999998861 0.99999990624563084296 -0.00025004747427108555248 -0.00024992248927714437717 -0.00025004747427108555248 0 0 
2 0 0 0 1 0 0 0 1 0 0 0 1 0.13384097000000000355 -0.2000000000000000111 -0.037697300000000003029 0.99999991338031657406 0.00022102217842389376853 -0.00024972996673437448511 0.00024904517607231556635 0 0 0 0 0 1 0 0 0 1 0 0 0 1 0.1999999600000000044 -0.17938582999999999612 0.013620780000000000734 0.99999990646421621499 0.00024974263174339897571 0.0002498223431449185343 0.0002495775905381456862 0 0 
2 0 0 0 1 0 0 0 1 0 0 0 1 -0.19999998999999998861 0.19999998999999998861 0.19999998999999998861 0.99999990645778391585 -0.00025006225807343231311 0.00024993770557991008005 0.0002491674818513987962 0 0 0 0 0 1 0 0 0 1 0 0 0 1 -0.039271309999999996776 0.075962760000000004168 0.066102170000000001759 0.99999990624563084296 -0.00025004747427108555248 -0.00024992248927714437717 -0.00025004747427108555248 0 0 
2 0 0 0 1 0 0 0 1 0 0 0 1 -0.11406624999999999404 0.024973010000000000347 -0.2000000000000000111 0.99999991331765558655 0.00022109722462636022429 -0.0002497149038378447929 0.00024924519147013894128 0 0 0 0 0 1 0 0 0 1 0 0 0 1 0.15229743000000001141 -0.18431681999999999233 0.12163216999999999779 0.99999990646421621499 0.00024974263174339897571 0.0002498223431449185343 0.0002495775905381456862 0 0 
2 0 0 0 1 0 0 0 1 0 0 0 1 0.19999998999999998861 -0.17531473999999999669 0.19999998999999998861 0.99999990642415192976 -0.00025004229681564521179 0.00024993767180670666212 0.00024932247683814336148 0 0 0 0 0 1 0 0 0 1 0 0 0 1 0.074292479999999994078 0.082722039999999996684 -0.017102900000000000741 0.99999990627438417601 -0.00025000745553204763681 -0.00024988250803305252007 -0.00025001245428216638646 0 0 
2 0 0 0 1 0 0 0 1 0 0 0 1 0.037196989999999999221 -0.19999998999999998861 0.2000000000000000111 0.99999993748643545288 -2.1717720985151547561e-05 -0.00024976042053129551704 0.00024934954991604255364 0 0 0 0 0 1 0 0 0 1 0 0 0 1 0.033256979999999998487 -0.2000000000000000111 0.19999998999999998861 0.99999990646421621499 0.00024974263174339897571 0.0002498223431449185343 0.0002495775905381456862 0 0 
2 0 0 0 1 0 0 0 1 0 0 0 1 0.19999998999999998861 0.067042820000000002967 -0.17368558000000000607 0.99999990626562840212 0.00024993748177408909054 0.00025006248176757863572 0.00024993748177408903633 0 0 0 0 0 1 0 0 0 1 0 0 0 1 0.2000000000000000111 -0.2000000000000000111 -0.2000000000000000111 0.99999990624062984335 -0.0002500474792696102044 -0.00024992748552596355787 -0.00025006247551929148328 0 0 
2 0 0 0 1 0 0 0 1 0 0 0 1 -0.1887873999999999941 -0.0075871999999999996736 0.2000000000000000111 0.99999990631312274392 0.00024992743679147792681 -0.00024993756051946443677 0.00024988244804288397985 0 0 0 0 0 1 0 0 0 1 0 0 0 1 -0.03080449999999999855 0.074301010000000000666 0.15350357000000000585 0.9999999227138869351 -0.00017229243214270174617 -0.00024973692925591063239 -0.00025003800549696302653 0 0 
2 0 0 0 1 0 0 0 1 0 0 0 1 0.2000000000000000111 -0.1946825199999999978 -0.11402830999999999384 0.99999995530185614712 -0.00014518406328105907437 -7.6238705489390753869e-05 -0.00025001106649446863846 0 0 0 0 0 1 0 0 0 1 0 0 0 1 0.2000000000000000111 -0.2000000000000000111 0.16914183999999998775 0.99999990666132521078 0.00024945275661975848747 0.00024932726956639213699 0.00024957278652783015851 0 0 
2 0 0 0 1 0 0 0 1 0 0 0 1 -0.074793769999999995535 -0.18176613999999999272 0.2000000000000000111 0.99999994286768367768 -5.1311231776800425138e-07 -0.00022771013332636538319 0.00024982486112961943331 0 0 0 0 0 1 0 0 0 1 0 0 0 1 -0.19999998999999998861 0.2000000000000000111 -0.1999999600000000044 0.99999994674312631115 0.00018111646233535177108 0.00010583472225830104906 -0.00025001916570377327297 0 0 
2 0 0 0 1 0 0 0 1 0 0 0 1 0.059647749999999999382 0.2000000000000000111 -0.2000000000000000111 0.99999996190820594766 0.00010276414681878460859 -5.6614327870985248269e-05 0.00024983581544141085637 0 0 0 0 0 1 0 0 0 1 0 0 0 1 0.2000000000000000111 -0.2000000000000000111 0.2000000000000000111 0.99999993917462448589 0.0002193662451763568914 0.0001049651590001326627 -0.00025002302508928209374 0 0 
2 0 0 0 1 0 0 0 1 0 0 0 1 0.12846119000000000288 -0.2000000000000000111 -0.071091840000000003363 0.99999990624312995458 -0.00025002748177086034408 -0.00024993749052627572873 -0.00025006247301976664487 0 0 0 0 0 1 0 0 0 1 0 0 0 1 -0.15534927000000001152 0.15983857000000001314 -0.034165410000000000224 0.99999991678217670099 0.0002035574858745047358 0.00024994911065952767201 -0.00025005085815458594559 0 0 
2 0 0 0 1 0 0 0 1 0 0 0 1 0.079853480000000004457 0.2000000000000000111 -0.011784269999999999468 0.99999996280285963213 0.00010278437678167416289 -3.7519321315441475683e-05 0.00024984385459249385713 0 0 0 0 0 1 0 0 0 1 0 0 0 1 -0.1345118700000000056 -0.2000000000000000111 0.2000000000000000111 0.99999991709773927706 0.00020200748724829263592 -0.00025005050096681190417 -0.00024994446698216126433 0 0 
2 0 0 0 1 0 0 0 1 0 0 0 1 -0.078630599999999994942 -0.2000000000000000111 -0.047572709999999997221 0.99999994266891933936 -4.1790247385891811728e-07 -0.0002283901096272362985 0.0002499998823903105483 0 0 0 0 0 1 0 0 0 1 0 0 0 1 0.2000000000000000111 -0.2000000000000000111 0.1999999199999999977 0.99999991457845616161 0.00021919359603407730487 0.0002456097977037757416 0.00024994614469071196232 0 0 
2 0 0 0 1 0 0 0 1 0 0 0 1 0.15836226000000000469 0.2000000000000000111 0.1417319400000000007 0.99999995805448527175 -0.00014506533743264469994 -1.8666266720186532632e-05 0.00024999729206777969578 0 0 0 0 0 1 0 0 0 1 0 0 0 1 -0.029284069999999998851 0.2000000000000000111 0.12894912999999999514 0.99999993583459434454 0.00017776312479879266375 0.00024562891976893577858 0.0001907813208248057427 0 0 
2 0 0 0 1 0 0 0 1 0 0 0 1 0.2000000000000000111 -0.2000000000000000111 0.2000000000000000111 0.99999990626562840212 0.00024993748177408909054 -0.00025006248176757863572 -0.00024993748177408903633 0 0 0 0 0 1 0 0 0 1 0 0 0 1 0.2000000000000000111 -0.098762030000000000651 -0.16570776000000000949 0.99999990626937740323 0.00024993748552502625991 -0.00025004748176898509765 -0.00024993748552502625991 0 0 
2 0 0 0 1 0 0 0 1 0 0 0 1 -0.19122685999999999851 -0.16497289000000001091 -0.2000000000000000111 0.99999993914402640627 -0.00024311267858349787743 1.069422549380086041e-05 0.00024998760464242105557 0 0 0 0 0 1 0 0 0 1 0 0 0 1 -0.029284069999999998851 0.043268649999999998779 0.12894910000000001093 0.99999993866528913422 0.00016101312367645370638 0.00024567571931389387127 0.00019075542702894565054 0 0 
2 0 0 0 1 0 0 0 1 0 0 0 1 -0.11056625999999999954 0.2000000000000000111 0.08364673000000000247 0.99999990632059987394 0.00025003240304006998105 -0.00024993756803618269588 0.00024974747429897545346 0 0 0 0 0 1 0 0 0 1 0 0 0 1 0.2000000000000000111 -0.2000000000000000111 0.2000000000000000111 0.99999990626937740323 0.00024993748552502625991 0.00025004748176898509765 0.00024993748552502625991 0 0 
2 0 0 0 1 0 0 0 1 0 0 0 1 0.2000000000000000111 -0.19999997999999999387 -0.070720759999999993628 0.99999993882258264577 -0.00024309752571190996529 3.0119299806589985678e-05 0.00024970232636995398677 0 0 0 0 0 1 0 0 0 1 0 0 0 1 0.10518605999999999789 0.093635800000000005139 0.14600990999999999276 0.99999993893513905441 0.00015938313250600736194 0.00024565540519578057954 0.00019073583067087321449 0 0 
2 0 0 0 1 0 0 0 1 0 0 0 1 0.14974107999999999863 -0.028667299999999999727 0.2000000000000000111 0.99999990626937740323 0.00025006244677632872078 -0.00024993751678283401699 0.00024992248178070340919 0 0 0 0 0 1 0 0 0 1 0 0 0 1 -0.070284979999999996902 -0.2000000000000000111 -0.2000000000000000111 0.99999990626562840212 0.00024993748177408909054 -0.00025006248176757863572 -0.00024993748177408903633 0 0 
2 0 0 0 1 0 0 0 1 0 0 0 1 -0.077218250000000002164 -0.2000000000000000111 -0.15377970999999998614 0.99999990626562840212 -0.00024993748177408909054 0.00025006248176757863572 -0.00024993748177408903633 0 0 0 0 0 1 0 0 0 1 0 0 0 1 0.2000000000000000111 0.2000000000000000111 0.2000000000000000111 0.99999990629061719094 -0.00024983748178346125695 0.00025006245677382916114 -0.00024993750678033594672 0 0 
2 0 0 0 1 0 0 0 1 0 0 0 1 0.17010575999999999475 -0.016291019999999999807 0.19897734000000000254 0.9999999063268470989 0.00024978250429423374699 0.0002500624205468415513 0.00024984752054220231432 0 0 0 0 0 1 0 0 0 1 0 0 0 1 -0.2000000000000000111 -0.2000000000000000111 -0.2000000000000000111 0.99999990623437839954 0.00025006248176757863572 0.00024993748177408903633 -0.00025006248176757863572 0 0 
2 0 0 0 1 0 0 0 1 0 0 0 1 0.044622780000000000777 -0.2000000000000000111 0.066954269999999996288 0.99999993741833337335 -2.1107357434793307436e-05 -0.00024942972831358854258 -0.00025000523892260070056 0 0 0 0 0 1 0 0 0 1 0 0 0 1 0.2000000000000000111 0.093635679999999998913 0.14600990999999999276 0.99999993719122670655 0.00024930653811337024359 3.3917235635170210487e-05 0.00024962654894678686958 0 0 
2 0 0 0 1 0 0 0 1 0 0 0 1 0.19999998999999998861 0.19999998999999998861 0.18777563999999999367 0.99999990623687906588 -0.00025005248176851631314 0.00024993748427471379784 0.00025006247926820374247 0 0 0 0 0 1 0 0 0 1 0 0 0 1 -0.2000000000000000111 -0.2000000000000000111 0.2000000000000000111 0.99999990626562840212 -0.00024993748177408909054 0.00025006248176757863572 -0.00024993748177408903633 0 0 
2 0 0 0 1 0 0 0 1 0 0 0 1 -0.2000000000000000111 0.2000000000000000111 -0.2000000000000000111 0.99999993248569563065 0.00010331716964480762845 -0.00024867917458937889227 0.00025002566836502420657 0 0 0 0 0 1 0 0 0 1 0 0 0 1 0.19999998999999998861 0.092196319999999998274 0.018029549999999998355 0.99999993275657605984 0.00024950897280844004178 0.00010525170830854380175 0.00024729373982484661358 0 0 
2 0 0 0 1 0 0 0 1 0 0 0 1 0.2000000000000000111 0.015311089999999999423 0.2000000000000000111 0.99999996416105607633 -4.9894998269042687053e-07 9.5799878109704682282e-05 0.00025000004175359863065 0 0 0 0 0 1 0 0 0 1 0 0 0 1 0.046890040000000000886 -0.1971066599999999891 0.057240529999999997801 0.99999998078126062229 0.00015793499560711452868 0.00010618743970132594578 4.7098229060254029332e-05 0 0 
2 0 0 0 1 0 0 0 1 0 0 0 1 0.19999998999999998861 0.012990470000000000489 -0.078659660000000006241 0.99999992755682909351 -0.00014453299428342973685 -0.00024802113586475116064 0.00024996412970583725124 0 0 0 0 0 1 0 0 0 1 0 0 0 1 0.046890029999999999211 0.092196319999999998274 0.16039691000000000365 0.99999993683207044626 0.00024951396054649892936 0.00024925103089710565034 4.4187805623928918598e-05 0 0 
2 0 0 0 1 0 0 0 1 0 0 0 1 -0.0018312400000000000379 -0.19999998999999998861 0.04616046000000000038 0.99999990623437839954 0.00025006248176757863572 0.00024993748177408903633 -0.00025006248176757863572 0 0 0 0 0 1 0 0 0 1 0 0 0 1 0.2000000000000000111 -0.2000000000000000111 -0.086158410000000004714 0.99999990626562840212 -0.00024993748177408909054 -0.00025006248176757863572 0.00024993748177408903633 0 0 
2 0 0 0 1 0 0 0 1 0 0 0 1 0.19999349999999999072 -0.2000000000000000111 0.2000000000000000111 0.99999991969274093506 -0.00019153302445807065721 -0.00024789788391575061323 0.00024995249831006097468 0 0 0 0 0 1 0 0 0 1 0 0 0 1 -0.026059840000000000781 0.09081250000000000433 0.19999996999999999914 0.99999993719154711691 0.00024954821709883401705 0.00024950176092578631084 -3.3037260664984702979e-05 0 0 
2 0 0 0 1 0 0 0 1 0 0 0 1 -0.080848610000000001308 0.2000000000000000111 -0.2000000000000000111 0.99999995523893236982 9.7021782495968741976e-05 0.00013293924742103425843 0.00024987209395036018246 0 0 0 0 0 1 0 0 0 1 0 0 0 1 0.19351927999999998797 -0.19432516999999999152 -0.043880339999999996847 0.99999996333639251667 0.00017005343501696782121 5.7014501609527629957e-05 0.00020287530504139580033 0 0 
2 0 0 0 1 0 0 0 1 0 0 0 1 -0.045858660000000002477 -0.19999998999999998861 -0.14119008999999999032 0.99999993642975559816 -4.6292495842846806094e-05 -0.00024998343181698533515 -0.00025001154658485866137 0 0 0 0 0 1 0 0 0 1 0 0 0 1 -0.02177503999999999898 0.087989200000000003521 0.1816794399999999976 0.99999995508704486724 0.00021905921141463608696 0.00020451083157045743706 3.7801998682968653337e-06 0 0 
2 0 0 0 1 0 0 0 1 0 0 0 1 0.2000000000000000111 -0.2000000000000000111 0.2000000000000000111 0.99999995607368574735 -4.5823140810721052572e-05 0.00015260855189427443494 0.00024992698193215904254 0 0 0 0 0 1 0 0 0 1 0 0 0 1 0.19138756000000001212 -0.19432516999999999152 -0.027815440000000000303 0.99999996182658434929 0.00019144855803156305687 9.3433691673400776361e-05 0.00017596711226770380483 0 0 
2 0 0 0 1 0 0 0 1 0 0 0 1 0.027592439999999999328 -0.2000000000000000111 -0.19999998999999998861 0.9999999328332996873 9.6622495058267597969e-05 -0.00025001915966412597506 -0.00024997581764961711217 0 0 0 0 0 1 0 0 0 1 0 0 0 1 -0.02177503999999999898 0.090812489999999995716 0.16770952999999999555 0.99999996283600656177 0.00020649068575554700277 0.00017633504201190115823 2.4403587833664689441e-05 0 0 
2 0 0 0 1 0 0 0 1 0 0 0 1 0.2000000000000000111 -0.2000000000000000111 0.2000000000000000111 0.99999994765603139601 -0.00019106883482426269142 -7.5322233698746696292e-05 -0.00025001439156118973085 0 0 0 0 0 1 0 0 0 1 0 0 0 1 0.19351927999999998797 -0.19999998999999998861 -0.015800800000000000262 0.9999999604024664146 0.0001981159770287311227 0.00011780698972906185286 0.0001614516596597081609 0 0 
2 0 0 0 1 0 0 0 1 0 0 0 1 0.2000000000000000111 -0.072815589999999999482 -0.2000000000000000111 0.99999990623437839954 0.00025006248176757863572 0.00024993748177408903633 -0.00025006248176757863572 0 0 0 0 0 1 0 0 0 1 0 0 0 1 -0.026059829999999999106 0.19999998999999998861 0.15753000999999999809 0.99999996684879199904 0.00020239472358693296633 0.00015553685745776398138 3.3868519617483875751e-05 0 0 
2 0 0 0 1 0 0 0 1 0 0 0 1 0.2000000000000000111 -0.12574019999999999642 -0.045232149999999998746 0.99999990797975757406 -0.00024298248242002275146 0.00025006074344634493349 -0.00024993922095260481158 0 0 0 0 0 1 0 0 0 1 0 0 0 1 0.2000000000000000111 -0.10536918000000000673 -0.0073554700000000002372 0.99999995833184140981 0.00020029357515450379123 0.00013695633042452956974 0.00015640256662637378945 0 0 
2 0 0 0 1 0 0 0 1 0 0 0 1 0.2000000000000000111 0.2000000000000000111 -0.2000000000000000111 0.99999990623437839954 0.00025006248176757863572 0.00024993748177408903633 -0.00025006248176757863572 0 0 0 0 0 1 0 0 0 1 0 0 0 1 -0.2000000000000000111 -0.19999998999999998861 0.15073441000000001311 0.99999997009091112776 0.00019925521769113715932 0.0001375119220350381013 3.4727599728454372236e-05 0 0 
2 0 0 0 1 0 0 0 1 0 0 0 1 -0.19918848000000000109 0.2000000000000000111 0.091830739999999994039 0.99999990975987052 -0.00023554248309799695189 0.0002500588838916201033 -0.00024994108139761840679 0 0 0 0 0 1 0 0 0 1 0 0 0 1 0.2000000000000000111 0.093635789999999996525 -0.0021397600000000000994 0.99999995469195068765 0.00020194009112620015379 0.00015506243585432604695 0.00016059868346967725314 0 0 
2 0 0 0 1 0 0 0 1 0 0 0 1 -0.012114369999999999306 -0.2000000000000000111 -0.2000000000000000111 0.99999991572998525591 0.00020866248544700312741 0.0002499478341466398741 -0.00025005213414153756955 0 0 0 0 0 1 0 0 0 1 0 0 0 1 -0.2000000000000000111 -0.2000000000000000111 0.14704644000000000048 0.99999997339234658611 0.00019637702685893566922 0.00011841992359489508172 2.5061745000305149424e-05 1 0 
2 0 0 0 1 0 0 0 1 0 0 0 1 0.2000000000000000111 -0.16848128000000001103 0.2000000000000000111 0.99999991102051011271 -0.00023562618964723089951 -0.00024476609186359376581 -0.00025005765516527823878 0 0 0 0 0 1 0 0 0 1 0 0 0 1 0.2000000000000000111 0.087832540000000000613 5.6339999999999999293e-05 0.99999994816749893101 0.0002050141754906733432 0.00017599590324954498123 0.00017509891299459645207 0 0 
2 0 0 0 1 0 0 0 1 0 0 0 1 0.014284520000000000203 -0.2000000000000000111 -0.19999998999999998861 0.99999990623437839954 0.00025006248176757863572 0.00024993748177408903633 -0.00025006248176757863572 0 0 0 0 0 1 0 0 0 1 0 0 0 1 0.0033871999999999999331 -0.18833544999999998759 0.1463202500000000128 0.9999999777432722059 0.00018880957813041820037 9.4045841220758956826e-05 4.4472432643348818731e-06 0 0 
2 0 0 0 1 0 0 0 1 0 0 0 1 0.2000000000000000111 -0.2000000000000000111 0.2000000000000000111 0.99999990623437839954 0.00025006248176757863572 0.00024993748177408903633 -0.00025006248176757863572 0 0 0 0 0 1 0 0 0 1 0 0 0 1 0.13433074000000000403 0.078929739999999998235 -0.00068011999999999998671 0.99999993495169536839 0.00021813873594471827025 0.00020432404991018165031 0.00020190041979840049743 0 0 
2 0 0 0 1 0 0 0 1 0 0 0 1 0.17686783999999999839 0.2000000000000000111 0.19999998999999998861 0.99999991094415363602 -0.00023767577081146331317 -0.00024309057939434836797 -0.00025005775903231392508 0 0 0 0 0 1 0 0 0 1 0 0 0 1 0.067747020000000005013 -0.18210536999999998864 0.14852672000000000097 0.99999998382119836826 0.00016740185434081328265 5.7324581234331649295e-05 -3.2374596529628738603e-05 0 0 
2 0 0 0 1 0 0 0 1 0 0 0 1 -0.19596283999999999925 -0.16914434999999999887 -0.19999998999999998861 0.9999999141260822455 0.00021621248480474566087 0.00024994594624590319972 -0.00025005402124055856224 0 0 0 0 0 1 0 0 0 1 0 0 0 1 0.070636760000000006765 0.075310050000000003378 -0.004378670000000000305 0.99999990662642945782 0.00024953274161283777247 0.00024962223086446612419 0.00024933769295471046009 0 0 
2 0 0 0 1 0 0 0 1 0 0 0 1 0.098857079999999999953 0.12801670000000001104 -0.19999998999999998861 0.9999999329595236075 -0.00024991606812627570897 -9.5772460128144425206e-05 0.00024990106669069443507 0 0 0 0 0 1 0 0 0 1 0 0 0 1 0.13141209000000000917 -0.18105989000000000111 0.15375433999999998935 0.99999991357942008552 -0.00021984223974939233622 -0.00024926510455969849798 -0.00024975477916068609258 0 0 
2 0 0 0 1 0 0 0 1 0 0 0 1 0.2000000000000000111 0.2000000000000000111 0.2000000000000000111 0.999999941162327044 0.00022212589308341819123 -7.6445531902458334675e-05 -0.00024998302084199073951 0 0 0 0 0 1 0 0 0 1 0 0 0 1 0.0048392599999999997423 0.075310050000000003378 -0.012710410000000000111 0.99999990684310380296 0.0002495029512003427998 0.00024951204125751950133 0.00024860772797044106228 0 0 
2 0 0 0 1 0 0 0 1 0 0 0 1 0.10426349000000000034 -0.2000000000000000111 0.2000000000000000111 0.99999990626688106676 -0.00025003245677664132605 0.00024993751427921029806 0.00024996247427882856184 0 0 0 0 0 1 0 0 0 1 0 0 0 1 0.2000000000000000111 -0.18210536999999998864 0.16527351000000001235 0.99999998204476092667 0.00017263456596504586659 7.7955956882446198765e-05 5.5365421390606779739e-06 0 0 
2 0 0 0 1 0 0 0 1 0 0 0 1 -0.010957389999999999144 0.2000000000000000111 -0.2000000000000000111 0.99999994363607858094 -2.0264191245715012059e-05 -0.00022336506817817493851 0.0002498504524411646944 0 0 0 0 0 1 0 0 0 1 0 0 0 1 -0.029284069999999998851 0.078929730000000003498 -0.026009430000000000049 0.99999995690070397902 0.00020945450121220021982 0.00016266138932051721041 0.00012597092726964842328 0 0 
2 0 0 0 1 0 0 0 1 0 0 0 1 0.2000000000000000111 -0.2000000000000000111 0.2000000000000000111 0.99999990626562840212 0.00024993748177408909054 0.00025006248176757863572 0.00024993748177408903633 0 0 0 0 0 1 0 0 0 1 0 0 0 1 0.2000000000000000111 -0.18833544999999998759 0.18048538000000000081 0.9999999569057580473 0.00020931946668553187306 0.00016260642569327894789 0.00012622596073277652859 0 0 
2 0 0 0 1 0 0 0 1 0 0 0 1 -0.13082729000000001274 0.048683909999999996909 -0.2000000000000000111 0.99999991934689225204 -0.00022501010650959702916 -0.00021965623068228204537 0.00024985556077205400838 0 0 0 0 0 1 0 0 0 1 0 0 0 1 -0.029284069999999998851 0.087832530000000005876 -0.043286289999999998102 0.99999998195180461735 0.00017320957532826448217 7.788094014819828487e-05 5.4215103072424613889e-06 0 0 
0 
