0  0  0.916312
0  1  1.23126
0  2  0.557205
0  3  3.14122
0  4  4.3436
0  5  1.61153
0  6  1.85915
0  7  4.64426
0  8  7.01931
0  9  10.252
0  10  10.0369
0  11  41.4048
0  12  28.9576
0  13  23.8311
0  14  41.0016
0  15  30.9939
0  16  42.353
0  17  83.0017
0  18  46.1745
0  19  64.9942
0  20  47.3496
0  21  48.0357
0  22  59.0174
0  23  47.3884
0  24  29.4789
0  25  36.5861
0  26  25.8932
0  27  11.1077
0  28  4.5333
0  29  4.46264
0  30  4.08574
0  31  5.38948
0  32  6.23979
0  33  12.0623
0  34  28.3281
0  35  24.1549
0  36  51.1031
0  37  50.2795
0  38  14.9722
0  39  29.7884
0  40  16.4512
0  41  39.8694
0  42  2.395
0  43  2.25384
0  44  2.67316
0  45  2.21225
0  46  2.54482
0  47  2.97861
0  48  1.52334
0  49  1.45788
0  50  1.50459
0  51  3.95529
0  52  3.47243
0  53  2.8088
0  54  2.57017
0  55  1.37116
0  56  1.11032
0  57  1.03727
0  58  1.45606
0  59  7.86566
0  60  1.43506
0  61  0.444233
0  62  1.24238
0  63  1.20936
0  64  0.377115
0  65  0.343136
0  66  1.46121
0  67  1.21366
0  68  1.23219
0  69  1.77842
0  70  1.65881
0  71  0.797368
0  72  0.197257
0  73  0.280281
0  74  0.257414
0  75  0.368801
0  76  1.04734
0  77  0.729636
0  78  0.781449
0  79  1.20809
0  80  2.11588
0  81  0.69212
0  82  0.40357
1  0  0.632086
1  1  1.05966
1  2  1.56617
1  3  1.54257
1  4  1.35287
1  5  1.18762
1  6  0.83053
2  0  0.533205
2  1  0.44809
2  2  0.280903
2  3  0.331841
2  4  0.461291
2  5  1.46617
2  6  1.89295
2  7  3.22911
2  8  3.14213
2  9  2.91595
2  10  5.73711
2  11  6.91542
2  12  6.94858
2  13  11.3424
2  14  6.49126
2  15  6.98109
2  16  12.1753
2  17  2.04918
2  18  1.30125
2  19  1.23608
2  20  0.585992
2  21  0.632537
2  22  0.922501
2  23  0.660428
2  24  0.53823
2  25  0.59895
2  26  0.748426
2  27  1.50324
2  28  0.852562
2  29  2.68388
2  30  2.2181
2  31  2.67436
2  32  2.67858
2  33  21.798
2  34  1.62263
2  35  1.56133
2  36  2.99779
2  37  2.26356
2  38  2.25054
2  39  1.54601
2  40  1.91582
2  41  1.1611
2  42  1.40082
2  43  0.894931
2  44  2.24402
2  45  0.330323
