0  0  0.661826
0  1  0.768862
0  2  1.37361
0  3  2.86747
0  4  0.347381
0  5  8.03107
0  6  1.96481
0  7  3.10259
0  8  1.8536
0  9  7.63715
0  10  9.67382
0  11  3.09422
0  12  3.26057
0  13  1.84736
0  14  5.25596
1  0  31.132
1  1  5.88671
1  2  13.342
1  3  99.7384
1  4  8.12833
1  5  16.7512
1  6  2.31214
1  7  3.54004
1  8  1.82944
1  9  25.658
2  0  3.85625
2  1  2.51977
2  2  1.77749
2  3  0.738576
2  4  1.0095
2  5  2.43378
2  6  4.39982
2  7  2.73853
2  8  2.50389
2  9  2.21724
2  10  1.51433
2  11  2.25465
2  12  2.8007
2  13  5.88528
2  14  7.45323
2  15  5.99907
2  16  7.86454
2  17  10.0125
2  18  4.61217
2  19  5.46295
2  20  4.2881
2  21  2.95371
2  22  6.01544
2  23  15.0471
2  24  15.564
2  25  13.521
2  26  29.3199
2  27  5.13955
2  28  21.1885
2  29  1.75538
2  30  5.03065
2  31  1.2845
2  32  1.6344
2  33  4.15098
2  34  1.52787
2  35  1.36908
2  36  1.56797
2  37  7.50549
2  38  2.00493
2  39  2.21983
2  40  9.25503
2  41  20.9843
2  42  1.73234
2  43  9.76122
2  44  0.954329
2  45  0.937478
2  46  0.837018
2  47  1.40254
2  48  2.48236
2  49  4.93144
2  50  3.56584
2  51  4.49198
2  52  8.37537
2  53  10.6031
2  54  11.8878
2  55  80.4576
2  56  61.544
2  57  131.233
2  58  23.036
