0  0  18.2461
0  1  4.23875
0  2  10.6212
0  3  3.56038
0  4  40.57
0  5  2.56447
0  6  3.32636
0  7  64.7674
0  8  39.6691
0  9  35.6686
0  10  20.7668
1  0  3.774
1  1  2.48232
1  2  1.77886
1  3  0.734449
1  4  1.00627
1  5  2.41788
1  6  4.40294
1  7  2.7481
1  8  2.51482
1  9  2.2323
1  10  1.52805
1  11  2.23435
1  12  2.77715
1  13  5.8981
1  14  7.49877
1  15  5.97449
1  16  8.01853
1  17  10.0329
1  18  4.46224
1  19  5.4667
1  20  4.20321
1  21  2.89568
1  22  6.17587
1  23  15.7231
1  24  16.2438
1  25  11.5699
1  26  23.9059
1  27  1.02619
1  28  8.29127
1  29  1.80238
1  30  1.35059
1  31  1.31807
1  32  1.66969
1  33  0.984138
1  34  1.56982
1  35  1.41488
1  36  1.60964
1  37  1.53512
1  38  2.05404
1  39  2.28131
1  40  9.38164
1  41  11.9266
1  42  1.76264
1  43  2.7865
1  44  0.989022
1  45  0.958238
1  46  0.865139
1  47  1.44536
1  48  2.52849
1  49  4.93997
1  50  3.61655
1  51  4.66921
1  52  8.74534
1  53  11.1012
1  54  12.4434
1  55  72.0188
1  56  55.6233
1  57  119.839
1  58  14.8071
2  0  0.529769
2  1  0.445257
2  2  0.277421
2  3  0.32807
2  4  0.456982
2  5  1.46301
2  6  1.8116
2  7  3.08309
2  8  3.01221
2  9  2.82206
2  10  5.51409
2  11  6.76251
2  12  6.87747
2  13  11.2231
2  14  6.25909
2  15  6.71916
2  16  11.8301
2  17  1.96668
2  18  1.24884
2  19  1.21018
2  20  0.586982
2  21  0.605997
2  22  0.916714
2  23  0.658694
2  24  0.538045
2  25  0.598334
2  26  0.741099
2  27  1.48109
2  28  0.84575
2  29  2.56369
2  30  2.1326
2  31  2.57518
2  32  2.5701
2  33  21.8388
2  34  1.62353
2  35  1.56324
2  36  2.92709
2  37  2.15972
2  38  2.14604
2  39  1.47794
2  40  1.82784
2  41  1.11247
2  42  1.33722
2  43  0.869882
2  44  2.15545
2  45  0.324187
3  0  288.285
3  1  238.469
3  2  122.904
3  3  95.4611
3  4  43.0325
3  5  20.3987
3  6  37.1212
3  7  147.439
3  8  64.9527
3  9  15.5538
3  10  40.066
