0  0  13.2042
0  1  6.15397
0  2  23.1157
0  3  9.08015
0  4  18.3774
0  5  3.81707
0  6  4.36154
0  7  7.20918
0  8  4.77496
0  9  4.5402
0  10  3.75044
1  0  1.31484
1  1  2.39293
1  2  2.78812
1  3  2.24702
1  4  2.50674
1  5  3.09276
1  6  5.34772
1  7  2.98245
1  8  2.61064
1  9  2.52768
1  10  1.91462
1  11  1.76302
1  12  2.39068
1  13  4.92374
1  14  5.56375
1  15  2.95089
1  16  3.69433
1  17  3.34935
1  18  3.08874
1  19  6.88385
1  20  3.12142
1  21  4.75713
1  22  4.29849
1  23  13.4547
1  24  14.6708
1  25  12.065
1  26  25.1959
1  27  1.249
1  28  1.07785
1  29  2.6468
1  30  1.94099
1  31  2.07939
1  32  2.51888
1  33  1.33733
1  34  2.54126
1  35  2.19465
1  36  2.5173
1  37  2.50905
1  38  3.11306
1  39  3.48229
1  40  11.9218
1  41  14.0716
1  42  2.46912
1  43  5.28169
1  44  2.0224
1  45  1.74496
1  46  1.75892
1  47  2.45626
1  48  3.65604
1  49  4.75003
1  50  3.99939
1  51  3.77653
1  52  7.33717
1  53  8.3217
1  54  8.96263
1  55  67.6852
1  56  122.712
1  57  100.278
1  58  8.88834
2  0  0.664451
2  1  0.61185
2  2  0.509979
2  3  0.84286
2  4  0.580365
2  5  1.78282
2  6  3.26787
2  7  6.19072
2  8  3.48693
2  9  3.80355
2  10  6.83853
2  11  8.59448
2  12  7.13542
2  13  14.932
2  14  9.51334
2  15  8.74076
2  16  15.7817
2  17  2.94311
2  18  1.99978
2  19  2.19043
2  20  0.56713
2  21  0.895434
2  22  1.29544
2  23  1.0516
2  24  0.529736
2  25  0.681228
2  26  0.851953
2  27  2.01084
2  28  1.01005
2  29  4.76317
2  30  3.75173
2  31  4.87195
2  32  5.08383
2  33  19.3755
2  34  1.69993
2  35  1.61802
2  36  3.87662
2  37  3.17668
2  38  3.05694
2  39  2.14361
2  40  2.85638
2  41  1.94634
2  42  2.24528
2  43  1.26174
2  44  3.27178
2  45  0.484462
3  0  275.217
3  1  243.371
3  2  123.417
3  3  106.268
3  4  45.6017
3  5  11.1913
3  6  39.0733
3  7  189.917
3  8  116.176
3  9  16.0918
3  10  39.0905
