0  0  1.99527
0  1  1.20477
0  2  0.9426
0  3  1.93569
0  4  3.05335
0  5  1.71361
0  6  1.4192
0  7  3.46249
0  8  3.639
0  9  2.35417
0  10  4.49927
0  11  6.09271
0  12  9.55573
0  13  7.99852
0  14  11.4919
0  15  15.9332
0  16  20.0335
0  17  39.2981
0  18  19.2665
0  19  21.8646
0  20  12.3234
0  21  32.0457
0  22  24.0827
0  23  17.9764
0  24  81.8894
0  25  193.183
0  26  15.2669
0  27  11.1331
0  28  3.13607
0  29  3.26242
0  30  6.67677
0  31  4.31457
0  32  4.27336
0  33  3.10895
0  34  7.49247
0  35  6.12846
0  36  5.12725
0  37  3.93271
0  38  5.18149
0  39  4.12312
0  40  3.36007
0  41  3.23182
0  42  2.7764
0  43  2.51842
0  44  2.79259
0  45  2.08606
0  46  3.29977
0  47  1.7535
0  48  3.04996
0  49  1.64713
0  50  1.28614
0  51  2.17141
0  52  1.556
0  53  1.86939
0  54  1.57234
0  55  1.95413
0  56  3.56678
0  57  2.20099
0  58  1.94807
0  59  3.29839
0  60  1.2229
0  61  2.30066
0  62  1.34964
0  63  2.30733
0  64  1.51475
0  65  1.58001
0  66  1.75323
0  67  2.04701
0  68  0.915155
0  69  4.17208
0  70  3.06442
0  71  1.30608
0  72  1.73265
0  73  2.28907
0  74  2.58717
0  75  4.03628
0  76  1.09864
0  77  1.60917
0  78  1.54951
0  79  1.86538
0  80  1.58549
0  81  1.44696
0  82  1.55192
1  0  1.15645
1  1  0.849937
1  2  0.564082
1  3  0.651365
1  4  1.0406
1  5  1.981
1  6  3.00075
1  7  3.65853
1  8  2.22102
1  9  1.68705
1  10  2.0914
1  11  2.5124
1  12  2.37849
1  13  2.97179
1  14  3.92017
1  15  9.63226
1  16  12.3281
1  17  2.23769
1  18  1.87322
1  19  1.47892
1  20  0.987202
1  21  0.38967
1  22  0.260832
1  23  1.01214
1  24  0.562094
1  25  0.638815
1  26  1.6509
1  27  1.47591
1  28  1.3425
1  29  2.48679
1  30  3.38087
1  31  4.18928
1  32  3.5658
1  33  1.9738
1  34  1.31451
1  35  1.4661
1  36  3.105
1  37  2.47882
1  38  2.4549
1  39  2.41683
1  40  2.25394
1  41  2.21417
1  42  1.80042
1  43  1.94707
1  44  1.71217
1  45  1.02533
